▁Emma 10.40625
▁had 6.26953125
▁always 3.61328125
▁been 1.0556640625
▁the 2.4453125
▁res 8.40625
il 0.47119140625
ient 0.0032596588134765625
▁one 0.448486328125
, 1.294921875
▁the 0.64794921875
▁positive 5.61328125
▁ray 8.515625
▁of 0.0269012451171875
▁sun 0.37548828125
sh 0.045074462890625
ine 0.00018608570098876953
▁in 1.15625
▁our 2.77734375
▁group 3.9140625
▁of 1.1455078125
▁friends 0.31494140625
. 0.30859375
▁She 1.8544921875
▁had 2.009765625
▁an 3.619140625
▁un 1.791015625
c 0.70458984375
anny 0.0017118453979492188
▁ability 0.29443359375
▁to 0.031982421875
▁find 2.228515625
▁the 0.327392578125
▁silver 1.357421875
▁l 0.0704345703125
ining 5.91278076171875e-05
▁even 3.1328125
▁in 0.489501953125
▁the 0.11962890625
▁dark 0.45947265625
est 0.0044097900390625
▁of 0.43701171875
▁times 1.31640625
. 0.227783203125
▁So 3.677734375
▁when 0.5341796875
▁Emma 2.619140625
▁lost 4.78515625
▁her 0.11309814453125
▁job 2.88671875
, 0.97021484375
▁she 1.8955078125
▁was 1.8232421875
▁dev 2.71484375
ast 0.003326416015625
ated 0.0038909912109375
. 0.54296875
▁Sud 8.375
den 0.006511688232421875
ly 0.0013751983642578125
, 0.154296875
▁her 1.4462890625
▁confidence 5.55859375
▁sh 4.72265625
atter 0.050323486328125
ed 0.000942230224609375
, 0.8818359375
▁and 0.26123046875
▁she 0.32373046875
▁could 4.80859375
▁no 1.8193359375
▁longer 0.0006995201110839844
▁see 0.55908203125
▁the 0.54248046875
▁bright 1.955078125
ness 4.40625
▁she 4.73046875
▁once 1.2958984375
▁radi 3.576171875
ated 0.00021648406982421875
. 0.03826904296875
<0x0A> 0.73388671875
I 2.185546875
▁decided 4.875
▁to 0.10150146484375
▁surprise 4.171875
▁her 0.80419921875
▁and 3.017578125
▁find 6.24609375
▁ 6.61328125
8 4.14453125
8 3.931640625
8 3.294921875
- 2.880859375
3 3.1484375
5 2.470703125
3 1.8203125
- 0.0257415771484375
1 2.25
2 2.462890625
9 2.751953125
9 1.0908203125
▁ 4.65234375
8 1.251953125
8 0.10931396484375
8 0.00579833984375
- 0.049896240234375
3 0.0634765625
5 0.0256195068359375
3 0.005405426025390625
- 0.0021877288818359375
1 0.006122589111328125
2 0.01000213623046875
9 0.00601959228515625
9 0.01183319091796875
▁ 1.7734375
8 0.14990234375
8 0.02532958984375
8 0.0017576217651367188
- 0.00696563720703125
3 0.024810791015625
5 0.0101318359375
3 0.002803802490234375
- 0.00045561790466308594
1 0.002410888671875
2 0.0032939910888671875
9 0.0018396377563476562
9 0.0037822723388671875
▁ 0.7021484375
8 0.07763671875
8 0.00983428955078125
8 0.00091552734375
- 0.0027828216552734375
3 0.0104217529296875
5 0.002918243408203125
3 0.0007686614990234375
- 0.0002505779266357422
1 0.0009379386901855469
2 0.00118255615234375
9 0.0007596015930175781
9 0.0012464523315429688
▁ 0.28515625
8 0.0305023193359375
8 0.0037784576416015625
8 0.0004131793975830078
- 0.0012540817260742188
3 0.00530242919921875
5 0.0011272430419921875
3 0.00028324127197265625
- 0.00016319751739501953
1 0.00045371055603027344
2 0.0006151199340820312
9 0.00046634674072265625
9 0.0008177757263183594
▁ 0.107666015625
8 0.0132904052734375
8 0.001720428466796875
8 0.0002522468566894531
- 0.0007109642028808594
3 0.0022068023681640625
5 0.00048065185546875
3 0.00012755393981933594
- 0.00010895729064941406
1 0.00025463104248046875
2 0.00036263465881347656
9 0.0002963542938232422
9 0.0006356239318847656
▁ 0.076416015625
8 0.009918212890625
8 0.001407623291015625
8 0.00021755695343017578
- 0.0006022453308105469
3 0.0018053054809570312
5 0.00038743019104003906
3 0.00010204315185546875
- 9.78708267211914e-05
1 0.0002048015594482422
2 0.00029015541076660156
9 0.0002532005310058594
9 0.0006556510925292969
▁ 0.07147216796875
8 0.00914764404296875
8 0.001224517822265625
8 0.0001767873764038086
- 0.0005092620849609375
3 0.0018405914306640625
5 0.00037097930908203125
3 9.226799011230469e-05
- 7.677078247070312e-05
1 0.00018680095672607422
2 0.00029277801513671875
9 0.0002560615539550781
9 0.0005846023559570312
▁ 0.06597900390625
8 0.0083465576171875
8 0.0010633468627929688
8 0.00016880035400390625
- 0.0004119873046875
3 0.0014104843139648438
5 0.00031256675720214844
3 7.843971252441406e-05
- 5.710124969482422e-05
1 0.0001608133316040039
2 0.0002613067626953125
9 0.00023221969604492188
9 0.0005846023559570312
▁ 0.06866455078125
8 0.0083160400390625
8 0.000885009765625
8 0.00014150142669677734
- 0.00033020973205566406
3 0.0012559890747070312
5 0.0002532005310058594
3 6.783008575439453e-05
- 5.2809715270996094e-05
1 0.0001430511474609375
2 0.00025200843811035156
9 0.00021266937255859375
9 0.0005083084106445312
▁ 0.07171630859375
8 0.0090179443359375
8 0.0007882118225097656
8 0.00012445449829101562
- 0.00027298927307128906
3 0.0011758804321289062
5 0.00023567676544189453
3 5.7697296142578125e-05
- 5.0902366638183594e-05
1 0.00014007091522216797
2 0.000240325927734375
9 0.00020384788513183594
9 0.00044989585876464844
▁ 0.07305908203125
8 0.0084381103515625
8 0.0008091926574707031
8 0.00012743473052978516
- 0.0002655982971191406
3 0.0012388229370117188
5 0.0002524852752685547
3 5.924701690673828e-05
- 4.9948692321777344e-05
1 0.00014913082122802734
2 0.0002224445343017578
9 0.0001938343048095703
9 0.0004451274871826172
▁ 0.064208984375
8 0.007045745849609375
8 0.0007939338684082031
8 0.00011038780212402344
- 0.0002620220184326172
3 0.0011692047119140625
5 0.0002548694610595703
3 6.222724914550781e-05
- 4.7326087951660156e-05
1 0.00015473365783691406
2 0.00023865699768066406
9 0.0002149343490600586
9 0.0003752708435058594
▁ 0.0498046875
8 0.006195068359375
8 0.0007028579711914062
8 9.97781753540039e-05
- 0.0002199411392211914
3 0.00112152099609375
5 0.00020778179168701172
3 5.4001808166503906e-05
- 3.9696693420410156e-05
1 0.00013589859008789062
2 0.00018787384033203125
9 0.0001844167709350586
9 0.0003294944763183594
▁ 0.0421142578125
8 0.006084442138671875
8 0.0005831718444824219
8 8.785724639892578e-05
- 0.00018310546875
3 0.0008754730224609375
5 0.00016760826110839844
3 4.5299530029296875e-05
- 3.1948089599609375e-05
1 0.00011336803436279297
2 0.0001627206802368164
9 0.00015795230865478516
9 0.0002422332763671875
▁ 0.03802490234375
8 0.006397247314453125
8 0.00054931640625
8 7.545948028564453e-05
- 0.0001895427703857422
3 0.0008168220520019531
5 0.00016427040100097656
3 4.1961669921875e-05
- 3.707408905029297e-05
1 0.00011432170867919922
2 0.0001665353775024414
9 0.0001569986343383789
9 0.0002689361572265625
▁ 0.03363037109375
8 0.005924224853515625
8 0.0005574226379394531
8 7.62939453125e-05
- 0.00017118453979492188
3 0.0008153915405273438
5 0.00015926361083984375
3 3.993511199951172e-05
- 3.159046173095703e-05
1 0.0001150369644165039
2 0.00016164779663085938
9 0.0001609325408935547
9 0.0002655982971191406
▁ 0.034393310546875
8 0.00518798828125
8 0.0005588531494140625
8 8.022785186767578e-05
- 0.00014972686767578125
3 0.0007538795471191406
5 0.00013697147369384766
3 3.6716461181640625e-05
- 3.123283386230469e-05
1 0.00010347366333007812
2 0.00012826919555664062
9 0.00014507770538330078
9 0.0001862049102783203
▁ 0.0322265625
8 0.0049285888671875
8 0.0005168914794921875
8 7.49826431274414e-05
- 0.00013577938079833984
3 0.0006575584411621094
5 0.00011420249938964844
3 3.266334533691406e-05
- 3.0159950256347656e-05
1 9.071826934814453e-05
2 0.00010156631469726562
9 0.0001323223114013672
9 0.00016427040100097656
▁ 0.03131103515625
8 0.00485992431640625
8 0.0005068778991699219
8 7.891654968261719e-05
- 0.000141143798828125
3 0.0006766319274902344
5 0.00012993812561035156
3 3.504753112792969e-05
- 2.8371810913085938e-05
1 9.334087371826172e-05
2 7.855892181396484e-05
9 0.00010788440704345703
9 0.00012934207916259766
▁ 0.0279083251953125
8 0.004993438720703125
8 0.0004982948303222656
8 7.736682891845703e-05
- 0.00013625621795654297
3 0.0006899833679199219
5 0.0001436471939086914
3 3.6716461181640625e-05
- 2.8967857360839844e-05
1 9.930133819580078e-05
2 9.167194366455078e-05
9 0.00012576580047607422
9 0.00010657310485839844
▁ 0.026336669921875
8 0.004978179931640625
8 0.00045609474182128906
8 7.212162017822266e-05
- 0.00013875961303710938
3 0.0006818771362304688
5 0.00013124942779541016
3 3.504753112792969e-05
- 2.8967857360839844e-05
1 9.763240814208984e-05
2 0.0001266002655029297
9 0.00012171268463134766
9 0.00010335445404052734
▁ 0.02825927734375
8 0.005657196044921875
8 0.0004482269287109375
8 6.937980651855469e-05
- 0.0001398324966430664
3 0.0006999969482421875
5 0.00012350082397460938
3 3.445148468017578e-05
- 2.9802322387695312e-05
1 9.78708267211914e-05
2 9.012222290039062e-05
9 0.00010716915130615234
9 0.0001214742660522461
▁ 0.02716064453125
8 0.004756927490234375
8 0.00040030479431152344
8 6.020069122314453e-05
- 0.00012969970703125
3 0.0006284713745117188
5 0.00010788440704345703
3 3.123283386230469e-05
- 2.765655517578125e-05
1 9.143352508544922e-05
2 8.809566497802734e-05
9 9.548664093017578e-05
9 0.00012624263763427734
▁ 0.0256195068359375
8 0.004241943359375
8 0.0003867149353027344
8 5.5789947509765625e-05
- 0.00011932849884033203
3 0.0005698204040527344
5 0.00010752677917480469
3 2.753734588623047e-05
- 2.872943878173828e-05
1 9.02414321899414e-05
2 8.64267349243164e-05
9 9.799003601074219e-05
9 0.00017178058624267578
▁ 0.0264129638671875
8 0.003871917724609375
8 0.00037384033203125
8 4.947185516357422e-05
- 0.00011920928955078125
3 0.0005960464477539062
5 9.834766387939453e-05
3 2.682209014892578e-05
- 2.777576446533203e-05
1 9.274482727050781e-05
2 0.00010991096496582031
9 9.97781753540039e-05
9 0.00015842914581298828
▁ 0.026947021484375
8 0.004276275634765625
8 0.00035834312438964844
8 5.1856040954589844e-05
- 0.00012063980102539062
3 0.0006308555603027344
5 9.66787338256836e-05
3 2.7894973754882812e-05
- 2.9087066650390625e-05
1 9.775161743164062e-05
2 9.679794311523438e-05
9 9.357929229736328e-05
9 0.00020825862884521484
▁ 0.0246734619140625
8 0.00434112548828125
8 0.00032901763916015625
8 4.76837158203125e-05
- 0.00012350082397460938
3 0.0005922317504882812
5 9.310245513916016e-05
3 2.562999725341797e-05
- 2.9206275939941406e-05
1 9.655952453613281e-05
2 8.14199447631836e-05
9 9.000301361083984e-05
9 9.560585021972656e-05
▁ 0.02362060546875
8 0.0038509368896484375
8 0.00032901763916015625
8 4.792213439941406e-05
- 0.00013005733489990234
3 0.000598907470703125
5 0.00010013580322265625
3 2.7179718017578125e-05
- 3.0279159545898438e-05
1 0.00010073184967041016
2 8.976459503173828e-05
9 9.775161743164062e-05
9 9.047985076904297e-05
▁ 0.022430419921875
8 0.00347900390625
8 0.0002961158752441406
8 4.8279762268066406e-05
- 0.0001277923583984375
3 0.0005941390991210938
5 0.0001004934310913086
3 2.765655517578125e-05
- 3.123283386230469e-05
1 9.930133819580078e-05
2 7.843971252441406e-05
9 8.499622344970703e-05
9 9.47713851928711e-05
▁ 0.0213775634765625
8 0.0034351348876953125
8 0.00025153160095214844
8 4.661083221435547e-05
- 0.00011551380157470703
3 0.0005750656127929688
5 9.059906005859375e-05
3 2.5033950805664062e-05
- 2.968311309814453e-05
1 8.96453857421875e-05
2 5.364418029785156e-05
9 7.081031799316406e-05
9 9.453296661376953e-05
▁ 0.0206298828125
8 0.0033588409423828125
8 0.00025725364685058594
8 4.6372413635253906e-05
- 0.0001226663589477539
3 0.0006031990051269531
5 9.739398956298828e-05
3 2.6226043701171875e-05
- 3.24249267578125e-05
1 9.226799011230469e-05
2 5.0067901611328125e-05
9 6.437301635742188e-05
9 8.499622344970703e-05
▁ 0.02117919921875
8 0.00325775146484375
8 0.00027871131896972656
8 4.482269287109375e-05
- 0.00012218952178955078
3 0.0005831718444824219
5 9.298324584960938e-05
3 2.7179718017578125e-05
- 3.1113624572753906e-05
1 9.632110595703125e-05
2 5.4955482482910156e-05
9 7.021427154541016e-05
9 8.96453857421875e-05
▁ 0.021240234375
8 0.0029888153076171875
8 0.00026726722717285156
8 4.100799560546875e-05
- 0.00011515617370605469
3 0.0005979537963867188
5 9.179115295410156e-05
3 2.8371810913085938e-05
- 3.039836883544922e-05
1 9.465217590332031e-05
2 7.903575897216797e-05
9 6.937980651855469e-05
9 9.21487808227539e-05
▁ 0.0209808349609375
8 0.0032825469970703125
8 0.00023794174194335938
8 3.910064697265625e-05
- 0.0001062154769897461
3 0.0005779266357421875
5 9.489059448242188e-05
3 2.7298927307128906e-05
- 2.9802322387695312e-05
1 9.131431579589844e-05
2 6.67572021484375e-05
9 6.0558319091796875e-05
9 9.179115295410156e-05
▁ 0.0198822021484375
8 0.0034389495849609375
8 0.000247955322265625
8 4.124641418457031e-05
- 9.298324584960938e-05
3 0.000560760498046875
5 9.381771087646484e-05
3 2.753734588623047e-05
- 2.6106834411621094e-05
1 9.334087371826172e-05
2 4.184246063232422e-05
9 6.139278411865234e-05
9 9.393692016601562e-05
▁ 0.019287109375
8 0.0036716461181640625
8 0.00027251243591308594
8 4.0531158447265625e-05
- 8.916854858398438e-05
3 0.0006093978881835938
5 9.882450103759766e-05
3 2.5391578674316406e-05
- 2.6345252990722656e-05
1 9.226799011230469e-05
2 4.947185516357422e-05
9 5.936622619628906e-05
9 0.00010013580322265625
▁ 0.0184173583984375
8 0.0032291412353515625
8 0.0002810955047607422
8 4.0531158447265625e-05
- 8.940696716308594e-05
3 0.000583648681640625
5 9.21487808227539e-05
3 2.3365020751953125e-05
- 2.181529998779297e-05
1 8.475780487060547e-05
2 5.5670738220214844e-05
9 5.054473876953125e-05
9 0.00010645389556884766
▁ 0.0187225341796875
8 0.0033855438232421875
8 0.0002677440643310547
8 3.7550926208496094e-05
- 8.535385131835938e-05
3 0.0005540847778320312
5 8.392333984375e-05
3 2.2411346435546875e-05
- 2.1696090698242188e-05
1 8.082389831542969e-05
2 5.519390106201172e-05
9 4.5299530029296875e-05
9 0.00010347366333007812
▁ 0.0174713134765625
8 0.003459930419921875
8 0.00024628639221191406
8 3.4809112548828125e-05
- 8.20159912109375e-05
3 0.0005393028259277344
5 6.961822509765625e-05
3 2.0742416381835938e-05
- 2.1576881408691406e-05
1 7.963180541992188e-05
2 5.53131103515625e-05
9 4.315376281738281e-05
9 0.00011229515075683594
▁ 0.017669677734375
8 0.0032806396484375
8 0.00026106834411621094
8 3.8743019104003906e-05
- 8.738040924072266e-05
3 0.0005559921264648438
5 7.18832015991211e-05
3 2.1457672119140625e-05
- 2.3365020751953125e-05
1 8.33272933959961e-05
2 4.935264587402344e-05
9 4.1604042053222656e-05
9 9.644031524658203e-05
▁ 0.0172271728515625
8 0.0031108856201171875
8 0.00027251243591308594
8 3.8504600524902344e-05
- 9.000301361083984e-05
3 0.0005822181701660156
5 7.605552673339844e-05
3 2.1219253540039062e-05
- 2.1576881408691406e-05
1 8.630752563476562e-05
2 5.900859832763672e-05
9 4.2557716369628906e-05
9 9.691715240478516e-05
▁ 0.0172271728515625
8 0.0029048919677734375
8 0.0002524852752685547
8 3.635883331298828e-05
- 8.022785186767578e-05
3 0.0006008148193359375
5 7.331371307373047e-05
3 2.0265579223632812e-05
- 2.1576881408691406e-05
1 8.308887481689453e-05
2 6.103515625e-05
9 4.017353057861328e-05
9 8.785724639892578e-05
▁ 0.0162353515625
8 0.0028476715087890625
8 0.0002294778823852539
8 3.159046173095703e-05
- 7.414817810058594e-05
3 0.0005202293395996094
5 6.699562072753906e-05
3 1.7404556274414062e-05
- 2.002716064453125e-05
1 7.593631744384766e-05
2 5.1975250244140625e-05
9 3.635883331298828e-05
9 9.47713851928711e-05
▁ 0.016387939453125
8 0.002643585205078125
8 0.00021648406982421875
8 2.777576446533203e-05
- 7.140636444091797e-05
3 0.0005035400390625
5 5.7220458984375e-05
3 1.5139579772949219e-05
- 1.7881393432617188e-05
1 7.30752944946289e-05
2 4.2557716369628906e-05
9 3.2782554626464844e-05
9 8.273124694824219e-05
▁ 0.01514434814453125
8 0.0025997161865234375
8 0.00020825862884521484
8 2.7179718017578125e-05
- 7.021427154541016e-05
3 0.0005536079406738281
5 6.079673767089844e-05
3 1.5974044799804688e-05
- 1.7762184143066406e-05
1 7.426738739013672e-05
2 5.733966827392578e-05
9 3.314018249511719e-05
9 7.987022399902344e-05
▁ 0.01543426513671875
8 0.002635955810546875
8 0.00022745132446289062
8 3.075599670410156e-05
- 7.2479248046875e-05
3 0.0005245208740234375
5 5.7220458984375e-05
3 1.52587890625e-05
- 1.7523765563964844e-05
1 7.522106170654297e-05
2 5.173683166503906e-05
9 3.4689903259277344e-05
9 8.45193862915039e-05
▁ 0.0161285400390625
8 0.00281524658203125
8 0.00022304058074951172
8 2.9325485229492188e-05
- 7.891654968261719e-05
3 0.0005030632019042969
5 5.3763389587402344e-05
3 1.5497207641601562e-05
- 1.9788742065429688e-05
1 7.414817810058594e-05
2 4.8995018005371094e-05
9 3.135204315185547e-05
9 8.857250213623047e-05
▁ 0.0155029296875
8 0.002895355224609375
8 0.0002048015594482422
8 2.849102020263672e-05
- 7.987022399902344e-05
3 0.0005183219909667969
5 5.9604644775390625e-05
3 1.52587890625e-05
- 2.086162567138672e-05
1 7.37905502319336e-05
2 4.744529724121094e-05
9 3.123283386230469e-05
9 8.094310760498047e-05
▁ 0.0144805908203125
8 0.0025882720947265625
8 0.00020837783813476562
8 2.8967857360839844e-05
- 8.440017700195312e-05
3 0.0005202293395996094
5 6.639957427978516e-05
3 1.7762184143066406e-05
- 2.193450927734375e-05
1 8.07046890258789e-05
2 4.398822784423828e-05
9 3.337860107421875e-05
9 8.64267349243164e-05
▁ 0.01393890380859375
8 0.0026416778564453125
8 0.00022590160369873047
8 2.9206275939941406e-05
- 8.702278137207031e-05
3 0.0006084442138671875
5 7.665157318115234e-05
3 2.002716064453125e-05
- 2.574920654296875e-05
1 9.202957153320312e-05
2 4.971027374267578e-05
9 3.647804260253906e-05
9 9.72747802734375e-05
<0x0A> 5.73046875
She 3.484375
▁whisper 9.0546875
ed 0.0030517578125
, 1.0595703125
▁" 1.427734375
I 1.03515625
▁don 1.8916015625
' 0.06439208984375
t 0.0001285076141357422
▁know 0.32275390625
▁how 1.33984375
▁to 0.943359375
▁get 2.916015625
▁back 1.4287109375
." 4.328125
<0x0A> 0.2294921875
With 4.421875
out 1.3408203125
▁hes 1.02734375
itation 0.0975341796875
, 0.0284576416015625
▁I 0.0682373046875
▁sat 6.7421875
▁beside 2.44921875
▁her 0.033843994140625
▁on 2.23828125
▁the 0.1534423828125
▁worn 6.828125
- 1.4306640625
out 0.08355712890625
▁c 0.78076171875
ouch 0.0186004638671875
, 1.876953125
▁letting 6.4375
▁her 0.77783203125
▁gr 6.390625
ief 0.150634765625
▁and 3.0
▁pain 1.9169921875
▁consume 3.615234375
▁the 3.79296875
▁space 1.201171875
▁between 0.26318359375
▁us 0.0247802734375
. 0.0802001953125
<0x0A> 1.671875
I 1.626953125
▁pulled 5.26953125
▁her 0.8583984375
▁into 1.2802734375
▁a 0.9931640625
▁comfort 4.328125
ing 0.002315521240234375
▁em 0.91943359375
brace 2.753734588623047e-05
, 0.7529296875
▁saying 4.875
▁" 3.7109375
when 7.83984375
▁you 0.9423828125
▁can 3.181640625
' 0.2080078125
t 9.250640869140625e-05
▁look 6.50390625
▁on 3.5625
▁the 0.128662109375
▁bright 0.268798828125
▁side 0.00829315185546875
, 0.279541015625
▁I 1.1025390625
▁will 1.3046875
▁sit 4.890625
▁with 0.587890625
▁you 0.0136871337890625
▁in 0.415771484375
▁the 0.1497802734375
▁dark 0.58935546875
." 0.61962890625
<0x0A> 0.12469482421875
Days 5.94921875
▁turned 1.4033203125
▁into 0.2095947265625
▁weeks 0.17822265625
, 0.494873046875
▁and 0.306884765625
▁weeks 1.484375
▁turned 0.6416015625
▁into 0.03277587890625
▁months 0.048614501953125
. 0.4267578125
▁I 2.708984375
▁became 2.83203125
▁Emma 1.384765625
' 0.049652099609375
s 0.00014102458953857422
▁constant 2.6953125
▁companion 0.91455078125
▁throughout 5.75
▁her 0.323974609375
▁journey 1.431640625
▁of 1.0830078125
▁self 1.0
- 0.0041961669921875
dis 0.1470947265625
cover 0.0001455545425415039
y 0.0003104209899902344
. 0.60498046875
▁We 2.009765625
▁del 6.29296875
ved 0.00153350830078125
▁into 0.468505859375
▁the 1.45703125
▁depth 0.92578125
s 0.0033702850341796875
▁of 0.007480621337890625
▁her 0.340087890625
▁sorrow 4.9921875
, 0.61181640625
▁un 2.55859375
ra 2.431640625
vel 0.01367950439453125
ing 0.00341033935546875
▁the 0.48193359375
▁tang 3.029296875
led 0.010894775390625
▁thoughts 4.7109375
▁that 0.74658203125
▁consum 5.07421875
ed 6.0439109802246094e-05
▁her 0.0041656494140625
. 0.537109375
▁I 2.619140625
▁listened 1.7001953125
▁without 2.46875
▁judgment 0.383544921875
, 0.347412109375
▁allowing 2.0078125
▁her 0.0643310546875
▁to 0.046142578125
▁release 3.748046875
▁her 0.623046875
▁fear 2.623046875
s 0.09765625
▁and 0.1964111328125
▁inse 1.5361328125
cur 4.410743713378906e-06
ities 5.364418029785156e-06
. 0.54833984375
▁T 4.234375
ogether 0.006252288818359375
, 0.0316162109375
▁we 0.0025997161865234375
▁disse 9.9609375
cted 0.0007619857788085938
▁her 0.85986328125
▁fail 3.859375
ures 0.0267486572265625
, 0.931640625
▁searching 4.953125
▁for 0.0015316009521484375
▁the 0.39697265625
▁valuable 6.5
▁less 0.061187744140625
ons 0.00962066650390625
▁hidden 2.404296875
▁within 0.481689453125
▁the 3.00390625
▁pain 1.814453125
. 0.032073974609375
<0x0A> 0.181640625
As 1.513671875
▁time 1.72265625
▁passed 0.0933837890625
, 0.01617431640625
▁Emma 0.5966796875
' 1.1982421875
s 0.00011277198791503906
▁g 4.0390625
list 4.52734375
ening 0.0019464492797851562
▁eyes 0.87451171875
▁began 1.578125
▁to 0.0052642822265625
▁reg 3.8984375
ain 0.0007815361022949219
▁their 0.11749267578125
▁spark 1.287109375
le 0.25537109375
. 0.26025390625
▁She 0.95947265625
▁discovered 3.908203125
▁her 1.4111328125
▁strength 2.822265625
▁lay 6.875
▁not 1.2861328125
▁in 0.0472412109375
▁pret 5.15625
ending 0.0088958740234375
▁to 0.89794921875
▁be 0.05072021484375
▁un 4.7734375
break 0.56982421875
able 0.0005459785461425781
, 0.76708984375
▁but 0.0194244384765625
▁in 0.1912841796875
▁accepting 2.5
▁her 0.53125
▁vulner 0.525390625
ability 0.346435546875
. 0.85498046875
▁She 0.71240234375
▁learned 1.0576171875
▁that 1.3515625
▁it 2.203125
▁was 0.4150390625
▁okay 0.2357177734375
▁to 0.0229034423828125
▁lean 4.8203125
▁on 0.04150390625
▁others 0.25732421875
▁when 1.841796875
▁darkness 6.7109375
▁threatened 1.4306640625
▁to 0.0225830078125
▁eng 2.12890625
ulf 8.082389831542969e-05
▁her 0.00946044921875
. 0.10845947265625
<0x0A> 1.0732421875
As 3.763671875
▁she 1.982421875
▁lean 6.62109375
ed 0.00022590160369873047
▁against 2.98046875
▁me 0.44091796875
, 0.2427978515625
▁Emma 4.0625
▁s 5.13671875
ighed 0.07037353515625
. 2.740234375
<0x0A> 1.806640625
" 0.289794921875
Thank 2.337890625
▁you 0.0019664764404296875
▁for 0.68603515625
▁sitting 0.9521484375
▁with 0.183837890625
▁me 0.00042629241943359375
▁in 0.1822509765625
▁the 0.014739990234375
▁dark 0.06317138671875
," 0.7451171875
▁she 0.0247955322265625
▁whisper 0.51025390625
ed 6.914138793945312e-05
▁sin 8.4375
cer 0.00028228759765625
ely 0.0010013580322265625
. 0.09674072265625
▁" 1.33984375
You 1.29296875
▁gave 2.974609375
▁me 0.007686614990234375
▁the 0.328369140625
▁courage 0.2568359375
▁to 0.047607421875
▁face 1.40234375
▁my 0.47900390625
▁dem 1.9482421875
ons 0.00016641616821289062
▁and 0.7998046875
▁redis 4.9140625
cover 1.8596649169921875e-05
▁my 0.79345703125
▁light 1.26171875
." 0.1229248046875
<0x0A> 0.03094482421875
A 4.92578125
▁te 2.298828125
ar 0.005733489990234375
▁wel 4.75390625
led 3.218650817871094e-05
▁in 0.7080078125
▁my 0.307373046875
▁eye 0.03057861328125
, 1.255859375
▁reflect 4.03125
ing 0.0014438629150390625
▁the 0.38037109375
▁prof 5.14453125
ound 0.0247039794921875
▁bond 4.203125
▁that 1.9697265625
▁had 0.60107421875
▁formed 0.479248046875
▁during 5.578125
▁those 2.380859375
▁tum 4.19140625
ult 6.0439109802246094e-05
uous 0.0006146430969238281
▁months 0.7275390625
. 0.027984619140625
▁We 2.435546875
▁walked 5.7734375
▁hand 0.78955078125
▁in 0.75048828125
▁hand 0.0005106925964355469
, 0.806640625
▁no 4.671875
▁longer 0.00628662109375
▁afraid 0.63232421875
▁of 0.14306640625
▁the 0.0999755859375
▁sh 1.7001953125
adows 0.0007162094116210938
, 2.42578125
▁but 0.78369140625
▁grateful 4.05859375
▁for 0.2264404296875
▁the 0.11279296875
▁less 1.2041015625
ons 0.004150390625
▁they 0.351318359375
▁taught 1.01953125
▁us 0.286865234375
. 0.2218017578125
<0x0A> 0.1749267578125
Em 2.517578125
ma 0.01666259765625
' 1.2958984375
s 0.00023627281188964844
▁transformation 3.0703125
▁rem 2.255859375
ind 0.03936767578125
ed 0.0001119375228881836
▁us 3.169921875
▁that 0.489013671875
▁there 4.12890625
▁is 0.248046875
▁strength 3.9609375
▁in 0.033721923828125
▁vulner 0.1380615234375
ability 0.0003247261047363281
, 0.927734375
▁love 6.75390625
▁in 0.01517486572265625
▁darkness 3.650390625
, 0.03436279296875
▁and 0.004291534423828125
▁hope 0.54296875
▁in 0.063232421875
▁the 1.4384765625
▁depth 2.853515625
s 0.0210113525390625
▁of 0.0086212158203125
▁desp 0.059967041015625
air 5.125999450683594e-06
. 0.00354766845703125
