▁Several 8.6171875
▁high 6.1171875
▁te 5.8046875
ch 0.0140228271484375
▁gi 4.8828125
ants 4.208087921142578e-05
▁have 1.4970703125
▁come 3.75390625
▁together 1.2490234375
▁to 0.25146484375
▁announ 4.49609375
ce 0.005859375
▁the 1.1298828125
▁release 3.69921875
▁of 0.0341796875
▁a 1.15625
▁new 0.81787109375
▁CD 8.59375
- 2.177734375
Re 10.3203125
Write 4.62890625
able 0.67236328125
▁technology 3.716796875
▁for 4.234375
▁early 8.4609375
▁ 0.5927734375
1 1.1533203125
9 0.00206756591796875
9 0.01052093505859375
7 1.6591796875
. 0.217041015625
▁The 1.310546875
▁technology 2.669921875
▁is 1.4765625
▁ 6.25
8 2.994140625
8 5.20703125
8 4.7578125
- 2.560546875
2 3.71484375
8 2.759765625
2 2.43359375
- 0.4384765625
0 2.4140625
4 1.83203125
7 1.5869140625
6 2.2734375
▁ 3.712890625
8 1.4580078125
8 0.272705078125
8 0.01030731201171875
- 0.1339111328125
2 0.058929443359375
8 0.0178985595703125
2 0.0081024169921875
- 0.006351470947265625
0 0.007415771484375
4 0.006683349609375
7 0.014556884765625
6 0.059112548828125
▁ 1.494140625
8 0.1453857421875
8 0.0302276611328125
8 0.0015659332275390625
- 0.010101318359375
2 0.00797271728515625
8 0.0028553009033203125
2 0.001407623291015625
- 0.0008816719055175781
0 0.0015802383422851562
4 0.001354217529296875
7 0.0014257431030273438
6 0.00432586669921875
▁ 0.67333984375
8 0.040924072265625
8 0.006427764892578125
8 0.0006880760192871094
- 0.0031147003173828125
2 0.003139495849609375
8 0.0014677047729492188
2 0.0007123947143554688
- 0.0003368854522705078
0 0.0008449554443359375
4 0.0006561279296875
7 0.0008649826049804688
6 0.002254486083984375
▁ 0.6533203125
8 0.039703369140625
8 0.0070037841796875
8 0.0005698204040527344
- 0.0020885467529296875
2 0.0022487640380859375
8 0.001026153564453125
2 0.000392913818359375
- 0.00025916099548339844
0 0.0006756782531738281
4 0.000469207763671875
7 0.0007719993591308594
6 0.0017786026000976562
▁ 0.2337646484375
8 0.018585205078125
8 0.003742218017578125
8 0.00039887428283691406
- 0.00115966796875
2 0.0012464523315429688
8 0.0008435249328613281
2 0.00023853778839111328
- 0.00014734268188476562
0 0.0003998279571533203
4 0.000301361083984375
7 0.00047850608825683594
6 0.0012273788452148438
▁ 0.11199951171875
8 0.01212310791015625
8 0.0029010772705078125
8 0.0003228187561035156
- 0.0009250640869140625
2 0.0009369850158691406
8 0.0006327629089355469
2 0.0001995563507080078
- 0.0001266002655029297
0 0.0002894401550292969
4 0.00024962425231933594
7 0.0003745555877685547
6 0.0010833740234375
▁ 0.09320068359375
8 0.010894775390625
8 0.0026378631591796875
8 0.0002655982971191406
- 0.0008096694946289062
2 0.0008459091186523438
8 0.00041103363037109375
2 0.00016570091247558594
- 8.821487426757812e-05
0 0.00024700164794921875
4 0.00022494792938232422
7 0.0003342628479003906
6 0.0009450912475585938
▁ 0.07928466796875
8 0.01078033447265625
8 0.0023784637451171875
8 0.00022852420806884766
- 0.0007109642028808594
2 0.000743865966796875
8 0.0005130767822265625
2 0.00017321109771728516
- 8.273124694824219e-05
0 0.0002340078353881836
4 0.00021731853485107422
7 0.000316619873046875
6 0.0009241104125976562
▁ 0.0693359375
8 0.0102081298828125
8 0.0020236968994140625
8 0.00021135807037353516
- 0.0006260871887207031
2 0.0006899833679199219
8 0.0004429817199707031
2 0.0001550912857055664
- 7.772445678710938e-05
0 0.00019621849060058594
4 0.0002067089080810547
7 0.0003097057342529297
6 0.0009255409240722656
▁ 0.056427001953125
8 0.008941650390625
8 0.00189208984375
8 0.0001685619354248047
- 0.0004668235778808594
2 0.0005888938903808594
8 0.0003514289855957031
2 0.00013172626495361328
- 8.0108642578125e-05
0 0.00017821788787841797
4 0.00018334388732910156
7 0.0002887248992919922
6 0.0008363723754882812
▁ 0.048736572265625
8 0.007793426513671875
8 0.0016183853149414062
8 0.00014448165893554688
- 0.0004265308380126953
2 0.0006017684936523438
8 0.0001800060272216797
2 0.0001430511474609375
- 8.153915405273438e-05
0 0.0001838207244873047
4 0.00017118453979492188
7 0.00026917457580566406
6 0.000759124755859375
▁ 0.046630859375
8 0.007198333740234375
8 0.00150299072265625
8 0.00013899803161621094
- 0.0004012584686279297
2 0.0005526542663574219
8 0.00018858909606933594
2 0.0001302957534790039
- 8.416175842285156e-05
0 0.00017559528350830078
4 0.00018286705017089844
7 0.0002663135528564453
6 0.0007219314575195312
▁ 0.04345703125
8 0.006717681884765625
8 0.0012807846069335938
8 0.00013077259063720703
- 0.0003292560577392578
2 0.0004696846008300781
8 0.0002351999282836914
2 9.882450103759766e-05
- 5.8650970458984375e-05
0 0.00014102458953857422
4 0.00015270709991455078
7 0.00023293495178222656
6 0.0006775856018066406
▁ 0.040496826171875
8 0.006381988525390625
8 0.0011396408081054688
8 0.00012755393981933594
- 0.0002944469451904297
2 0.00044274330139160156
8 0.00010502338409423828
2 0.00010800361633300781
- 7.414817810058594e-05
0 0.00014328956604003906
4 0.00015807151794433594
7 0.00021529197692871094
6 0.0006265640258789062
▁ 0.03521728515625
8 0.006160736083984375
8 0.0010347366333007812
8 0.0001227855682373047
- 0.0003001689910888672
2 0.0004189014434814453
8 0.00015938282012939453
2 0.00010383129119873047
- 7.748603820800781e-05
0 0.00012731552124023438
4 0.0001544952392578125
7 0.00021386146545410156
6 0.0006556510925292969
▁ 0.03167724609375
8 0.00559234619140625
8 0.0009899139404296875
8 0.00012552738189697266
- 0.00027823448181152344
2 0.0003962516784667969
8 0.00014030933380126953
2 9.34600830078125e-05
- 7.545948028564453e-05
0 0.00012922286987304688
4 0.00016605854034423828
7 0.00021600723266601562
6 0.0006480216979980469
▁ 0.02996826171875
8 0.005840301513671875
8 0.00099945068359375
8 0.00012254714965820312
- 0.0002493858337402344
2 0.0004017353057861328
8 0.00015234947204589844
2 8.928775787353516e-05
- 5.2928924560546875e-05
0 0.00012445449829101562
4 0.00016486644744873047
7 0.0002149343490600586
6 0.0006227493286132812
▁ 0.029266357421875
8 0.006107330322265625
8 0.0009918212890625
8 0.00011873245239257812
- 0.000213623046875
2 0.0003724098205566406
8 0.00019180774688720703
2 8.857250213623047e-05
- 7.772445678710938e-05
0 0.0001112222671508789
4 0.00016319751739501953
7 0.00021064281463623047
6 0.000629425048828125
▁ 0.0277252197265625
8 0.006256103515625
8 0.0009679794311523438
8 0.0001239776611328125
- 0.00023257732391357422
2 0.0003666877746582031
8 0.0002384185791015625
2 9.632110595703125e-05
- 0.00014770030975341797
0 0.00011599063873291016
4 0.0001589059829711914
7 0.00021576881408691406
6 0.0005955696105957031
▁ 0.0256195068359375
8 0.00615692138671875
8 0.0008869171142578125
8 0.0001176595687866211
- 0.0002257823944091797
2 0.0003800392150878906
8 0.00016164779663085938
2 7.56978988647461e-05
- 7.939338684082031e-05
0 0.00011551380157470703
4 0.00014078617095947266
7 0.0002028942108154297
6 0.0004930496215820312
▁ 0.0251007080078125
8 0.00576019287109375
8 0.0008535385131835938
8 0.00012063980102539062
- 0.0002415180206298828
2 0.00038051605224609375
8 0.00019085407257080078
2 8.189678192138672e-05
- 4.3392181396484375e-05
0 0.000110626220703125
4 0.00012731552124023438
7 0.00019824504852294922
6 0.0005173683166503906
▁ 0.02484130859375
8 0.00568389892578125
8 0.0008516311645507812
8 0.00011324882507324219
- 0.00023031234741210938
2 0.00039005279541015625
8 0.00016248226165771484
2 7.367134094238281e-05
- 4.57763671875e-05
0 0.00010335445404052734
4 0.00011527538299560547
7 0.00018095970153808594
6 0.0004901885986328125
▁ 0.0240325927734375
8 0.004940032958984375
8 0.0007228851318359375
8 0.00010538101196289062
- 0.00021839141845703125
2 0.00038743019104003906
8 0.00015985965728759766
2 7.581710815429688e-05
- 4.374980926513672e-05
0 0.00010275840759277344
4 0.00011658668518066406
7 0.000179290771484375
6 0.0004487037658691406
▁ 0.023284912109375
8 0.00443267822265625
8 0.0006952285766601562
8 9.906291961669922e-05
- 0.00021064281463623047
2 0.00036716461181640625
8 0.0001779794692993164
2 7.68899917602539e-05
- 3.802776336669922e-05
0 0.00010919570922851562
4 0.00012004375457763672
7 0.00019299983978271484
6 0.0004146099090576172
▁ 0.022552490234375
8 0.00415802001953125
8 0.0006256103515625
8 9.119510650634766e-05
- 0.00017905235290527344
2 0.0003390312194824219
8 0.00020003318786621094
2 7.927417755126953e-05
- 3.7670135498046875e-05
0 0.00010859966278076172
4 0.00012958049774169922
7 0.0002002716064453125
6 0.0003807544708251953
▁ 0.0234527587890625
8 0.004177093505859375
8 0.0006337165832519531
8 9.584426879882812e-05
- 0.0001817941665649414
2 0.0003342628479003906
8 0.0002053976058959961
2 9.357929229736328e-05
- 7.68899917602539e-05
0 9.882450103759766e-05
4 0.0001283884048461914
7 0.0001842975616455078
6 0.00036334991455078125
▁ 0.0224761962890625
8 0.004207611083984375
8 0.0006022453308105469
8 9.417533874511719e-05
- 0.00020265579223632812
2 0.00034618377685546875
8 0.00021088123321533203
2 8.380413055419922e-05
- 5.233287811279297e-05
0 0.00010907649993896484
4 0.00012195110321044922
7 0.0001767873764038086
6 0.000301361083984375
▁ 0.0218505859375
8 0.0038814544677734375
8 0.0005626678466796875
8 8.821487426757812e-05
- 0.00021445751190185547
2 0.00032830238342285156
8 0.00018024444580078125
2 8.118152618408203e-05
- 3.5881996154785156e-05
0 0.00010824203491210938
4 0.0001373291015625
7 0.00018680095672607422
6 0.0002636909484863281
▁ 0.0197601318359375
8 0.003620147705078125
8 0.0004963874816894531
8 8.213520050048828e-05
- 0.00017833709716796875
2 0.0003108978271484375
8 0.0001493692398071289
2 6.61611557006836e-05
- 3.1828880310058594e-05
0 8.606910705566406e-05
4 0.00010347366333007812
7 0.00015234947204589844
6 0.0003139972686767578
▁ 0.0178985595703125
8 0.0036334991455078125
8 0.0004646778106689453
8 7.987022399902344e-05
- 0.00015807151794433594
2 0.0002970695495605469
8 0.00013875961303710938
2 6.818771362304688e-05
- 2.5987625122070312e-05
0 8.249282836914062e-05
4 0.00010597705841064453
7 0.00015056133270263672
6 0.0003459453582763672
▁ 0.0168304443359375
8 0.003574371337890625
8 0.0004620552062988281
8 8.511543273925781e-05
- 0.0001951456069946289
2 0.0003287792205810547
8 0.00016057491302490234
2 7.867813110351562e-05
- 2.9802322387695312e-05
0 8.821487426757812e-05
4 0.00010085105895996094
7 0.0001493692398071289
6 0.00035452842712402344
▁ 0.016998291015625
8 0.0031681060791015625
8 0.00042438507080078125
8 7.927417755126953e-05
- 0.00018084049224853516
2 0.0003154277801513672
8 0.0001436471939086914
2 6.794929504394531e-05
- 2.9802322387695312e-05
0 9.047985076904297e-05
4 9.310245513916016e-05
7 0.00014352798461914062
6 0.0003380775451660156
▁ 0.0167083740234375
8 0.0030918121337890625
8 0.0004024505615234375
8 7.772445678710938e-05
- 0.00018513202667236328
2 0.00034689903259277344
8 0.00018167495727539062
2 8.237361907958984e-05
- 3.0875205993652344e-05
0 9.5367431640625e-05
4 0.00010418891906738281
7 0.00014710426330566406
6 0.0003368854522705078
▁ 0.0166168212890625
8 0.0031757354736328125
8 0.00036835670471191406
8 7.176399230957031e-05
- 0.0001500844955444336
2 0.0003123283386230469
8 0.00018596649169921875
2 7.677078247070312e-05
- 5.8650970458984375e-05
0 8.428096771240234e-05
4 9.870529174804688e-05
7 0.00013267993927001953
6 0.0003197193145751953
▁ 0.0159759521484375
8 0.0031757354736328125
8 0.0003554821014404297
8 6.687641143798828e-05
- 0.0001405477523803711
2 0.0002887248992919922
8 0.0001647472381591797
2 7.212162017822266e-05
- 5.459785461425781e-05
0 8.0108642578125e-05
4 0.0001004934310913086
7 0.0001283884048461914
6 0.00032401084899902344
▁ 0.0158538818359375
8 0.0029468536376953125
8 0.0003304481506347656
8 6.16312026977539e-05
- 0.00013184547424316406
2 0.0002834796905517578
8 0.00016617774963378906
2 6.604194641113281e-05
- 5.924701690673828e-05
0 8.094310760498047e-05
4 9.238719940185547e-05
7 0.00012409687042236328
6 0.00030040740966796875
▁ 0.0152740478515625
8 0.002773284912109375
8 0.00031495094299316406
8 5.91278076171875e-05
- 0.0001348257064819336
2 0.0002856254577636719
8 0.00014674663543701172
2 6.151199340820312e-05
- 4.0531158447265625e-05
0 7.474422454833984e-05
4 8.702278137207031e-05
7 0.0001245737075805664
6 0.0002849102020263672
▁ 0.01470947265625
8 0.002716064453125
8 0.0003097057342529297
8 5.924701690673828e-05
- 0.00011932849884033203
2 0.0002732276916503906
8 0.0001989603042602539
2 7.033348083496094e-05
- 2.849102020263672e-05
0 7.283687591552734e-05
4 8.511543273925781e-05
7 0.00012505054473876953
6 0.0002818107604980469
▁ 0.01332855224609375
8 0.0026531219482421875
8 0.00030350685119628906
8 5.614757537841797e-05
- 0.00010991096496582031
2 0.0002567768096923828
8 0.00011479854583740234
2 5.4717063903808594e-05
- 7.164478302001953e-05
0 6.949901580810547e-05
4 9.083747863769531e-05
7 0.00012123584747314453
6 0.0002903938293457031
▁ 0.012908935546875
8 0.0027065277099609375
8 0.0003306865692138672
8 5.817413330078125e-05
- 0.00012350082397460938
2 0.0002665519714355469
8 0.00012409687042236328
2 5.900859832763672e-05
- 7.11679458618164e-05
0 7.212162017822266e-05
4 9.179115295410156e-05
7 0.00011980533599853516
6 0.0002758502960205078
▁ 0.01259613037109375
8 0.002719879150390625
8 0.00031185150146484375
8 5.5909156799316406e-05
- 0.00012230873107910156
2 0.00026154518127441406
8 0.00011324882507324219
2 5.900859832763672e-05
- 5.161762237548828e-05
0 7.176399230957031e-05
4 9.989738464355469e-05
7 0.00011873245239257812
6 0.00027298927307128906
▁ 0.0133056640625
8 0.00279998779296875
8 0.0002930164337158203
8 5.340576171875e-05
- 0.00011146068572998047
2 0.0002727508544921875
8 0.00014698505401611328
2 6.508827209472656e-05
- 4.1961669921875e-05
0 7.283687591552734e-05
4 0.00010085105895996094
7 0.00011861324310302734
6 0.0002589225769042969
▁ 0.01367950439453125
8 0.0027141571044921875
8 0.00029015541076660156
8 5.340576171875e-05
- 0.00011026859283447266
2 0.0002620220184326172
8 0.00015556812286376953
2 6.282329559326172e-05
- 3.2067298889160156e-05
0 6.985664367675781e-05
4 8.785724639892578e-05
7 0.00011026859283447266
6 0.00024366378784179688
▁ 0.013946533203125
8 0.002567291259765625
8 0.0002601146697998047
8 4.792213439941406e-05
- 9.810924530029297e-05
2 0.00024271011352539062
8 0.0001856088638305664
2 5.9604644775390625e-05
- 1.895427703857422e-05
0 5.5909156799316406e-05
4 7.402896881103516e-05
7 9.202957153320312e-05
6 0.00021755695343017578
▁ 0.01338958740234375
8 0.002681732177734375
8 0.00026798248291015625
8 4.935264587402344e-05
- 0.00010418891906738281
2 0.00025582313537597656
8 0.00015616416931152344
2 5.8650970458984375e-05
- 1.7881393432617188e-05
0 5.7220458984375e-05
4 7.641315460205078e-05
7 8.666515350341797e-05
6 0.0002073049545288086
▁ 0.01293182373046875
8 0.0027713775634765625
8 0.0003001689910888672
8 5.1021575927734375e-05
- 0.00010800361633300781
2 0.0002536773681640625
8 9.179115295410156e-05
2 4.172325134277344e-05
- 1.8835067749023438e-05
0 5.7816505432128906e-05
4 8.153915405273438e-05
7 8.594989776611328e-05
6 0.0002052783966064453
▁ 0.01297760009765625
8 0.0028133392333984375
8 0.0002911090850830078
8 5.042552947998047e-05
- 0.00011372566223144531
2 0.00026679039001464844
8 0.00019550323486328125
2 6.556510925292969e-05
- 2.5153160095214844e-05
0 6.222724914550781e-05
4 0.00012886524200439453
7 0.0001004934310913086
6 0.00021457672119140625
▁ 0.0130462646484375
8 0.0027751922607421875
8 0.00027680397033691406
8 4.8160552978515625e-05
- 0.00011408329010009766
2 0.00026035308837890625
8 0.0003895759582519531
2 6.711483001708984e-05
- 5.054473876953125e-05
0 6.711483001708984e-05
4 0.0002256631851196289
7 0.00010967254638671875
6 0.00019741058349609375
▁ 0.013031005859375
8 0.0027866363525390625
8 0.00029015541076660156
8 5.042552947998047e-05
- 0.00014221668243408203
2 0.000293731689453125
8 0.00011897087097167969
2 5.435943603515625e-05
- 3.5762786865234375e-05
0 7.164478302001953e-05
4 0.00022554397583007812
7 0.00011587142944335938
6 0.00020694732666015625
▁ 0.0130157470703125
8 0.0028400421142578125
8 0.0002923011779785156
8 5.328655242919922e-05
- 0.00014102458953857422
2 0.0003039836883544922
8 9.202957153320312e-05
2 4.9233436584472656e-05
- 2.6226043701171875e-05
0 6.67572021484375e-05
4 9.000301361083984e-05
7 0.00010037422180175781
6 0.00021505355834960938
▁ 0.0131683349609375
8 0.0029659271240234375
8 0.0002808570861816406
8 4.8995018005371094e-05
- 0.0001239776611328125
2 0.0002856254577636719
8 7.62939453125e-05
2 4.0650367736816406e-05
- 2.2172927856445312e-05
0 6.401538848876953e-05
4 7.140636444091797e-05
7 8.094310760498047e-05
6 0.00019860267639160156
▁ 0.0133514404296875
8 0.0030574798583984375
8 0.0002715587615966797
8 4.887580871582031e-05
- 0.00013136863708496094
2 0.0002903938293457031
8 0.0001163482666015625
2 4.875659942626953e-05
- 4.3272972106933594e-05
0 7.009506225585938e-05
4 8.821487426757812e-05
7 8.96453857421875e-05
6 0.00018310546875
▁ 0.01340484619140625
8 0.003025054931640625
8 0.0002701282501220703
8 4.780292510986328e-05
- 0.0001246929168701172
2 0.00026154518127441406
8 0.00014126300811767578
2 4.887580871582031e-05
- 2.1576881408691406e-05
0 6.0677528381347656e-05
4 6.377696990966797e-05
7 7.593631744384766e-05
6 0.00018906593322753906
▁ 0.01290130615234375
8 0.0029850006103515625
8 0.0002701282501220703
8 4.875659942626953e-05
- 0.00011837482452392578
2 0.0002696514129638672
8 0.00015079975128173828
2 4.3511390686035156e-05
- 2.09808349609375e-05
0 5.91278076171875e-05
4 5.7697296142578125e-05
7 7.128715515136719e-05
6 0.00018143653869628906
▁The 9.6328125
▁CD 2.4375
- 0.34033203125
Re 1.2626953125
Write 0.17822265625
able 0.0162506103515625
▁technology 2.724609375
▁was 2.865234375
▁un 3.712890625
ve 0.034820556640625
iled 0.0023517608642578125
▁through 7.375
▁a 0.59228515625
▁joint 1.431640625
▁press 1.1494140625
▁conference 0.401123046875
▁by 2.04296875
▁H 3.982421875
ew 0.1904296875
lett 0.0113067626953125
- 0.358642578125
Pack 0.0140838623046875
ard 0.003864288330078125
, 0.388671875
▁Sony 2.318359375
, 0.297607421875
▁and 2.578125
▁Phill 2.931640625
ips 0.00667572021484375
. 0.8134765625
▁The 0.89794921875
▁new 1.80078125
▁technology 0.638671875
▁is 1.423828125
▁expected 1.9833984375
▁to 0.013031005859375
▁revolution 3.103515625
ize 0.0235137939453125
▁the 0.21435546875
▁market 3.86328125
▁as 3.6171875
▁it 0.7763671875
▁allows 2.20703125
▁people 4.1015625
▁to 0.05328369140625
▁rewrite 2.388671875
▁over 4.58984375
▁CD 5.0859375
s 0.8837890625
, 2.205078125
▁which 2.484375
▁brings 7.98046875
▁the 1.875
▁storage 4.28125
▁capacity 0.5859375
▁of 0.81591796875
▁CD 0.95556640625
s 0.243896484375
▁to 0.88671875
▁a 2.052734375
▁whole 2.28125
▁new 0.0169219970703125
▁level 0.0693359375
. 0.1387939453125
▁The 1.6279296875
▁CD 2.095703125
- 0.100341796875
Re 0.396728515625
Write 0.060943603515625
able 0.01129913330078125
▁technology 0.62109375
▁has 2.9765625
▁numerous 6.71875
▁applications 1.701171875
, 1.58984375
▁especially 3.107421875
▁in 0.362548828125
▁the 0.455078125
▁real 4.453125
m 0.0882568359375
▁of 0.00807952880859375
▁arch 5.453125
iving 0.2288818359375
▁and 1.607421875
▁data 1.779296875
▁storage 0.77001953125
. 0.15625
▁It 2.677734375
▁provides 4.73046875
▁an 2.44140625
▁afford 2.873046875
able 0.0010366439819335938
▁and 1.3818359375
▁efficient 2.24609375
▁method 2.541015625
▁for 1.1767578125
▁people 2.60546875
▁to 0.08416748046875
▁store 0.630859375
▁and 1.703125
▁save 3.712890625
▁their 1.2685546875
▁files 2.548828125
, 1.6767578125
▁which 2.076171875
▁was 3.34375
▁once 3.73046875
▁a 2.53125
▁da 3.037109375
un 0.0007414817810058594
ting 6.794929504394531e-06
▁task 0.1846923828125
, 3.98828125
▁especially 1.470703125
▁when 1.9169921875
▁it 1.45703125
▁comes 0.482666015625
▁to 0.00949859619140625
▁large 2.166015625
▁files 0.8486328125
▁and 2.4921875
▁data 1.7490234375
. 0.50439453125
▁The 1.3544921875
▁technology 1.345703125
▁easily 9.234375
▁out 3.40234375
classes 2.8671875
▁other 2.396484375
▁available 4.7421875
▁options 2.001953125
▁on 3.82421875
▁the 0.0184326171875
▁market 0.0244293212890625
▁since 4.77734375
▁it 0.3251953125
▁can 2.578125
▁store 1.2080078125
▁up 1.6884765625
▁to 0.0084381103515625
▁ 0.14013671875
6 2.0625
5 0.40576171875
0 0.01117706298828125
▁meg 2.326171875
aby 0.01018524169921875
tes 0.008544921875
▁of 0.5693359375
▁data 0.2379150390625
, 1.158203125
▁about 6.58203125
▁ 0.501953125
7 2.892578125
4 4.0625
▁minutes 2.6796875
▁of 0.10546875
▁audio 1.197265625
, 0.6142578125
▁in 7.421875
▁a 0.74365234375
▁single 0.6044921875
▁disc 2.427734375
, 2.248046875
▁which 0.92822265625
▁is 0.46240234375
▁more 2.19921875
▁than 0.03717041015625
▁double 2.421875
▁what 2.7109375
▁currently 5.875
▁available 0.25732421875
▁technology 3.916015625
▁can 0.4658203125
▁handle 4.0
. 0.0623779296875
▁Moreover 3.763671875
, 0.0017910003662109375
▁since 4.1875
▁it 1.544921875
▁is 0.6572265625
▁re 1.6123046875
writ 0.1534423828125
able 0.00031375885009765625
, 0.062286376953125
▁it 1.341796875
▁can 1.4970703125
▁be 0.359375
▁used 0.72216796875
▁repeatedly 2.58203125
▁to 3.017578125
▁store 0.58935546875
▁new 2.41796875
▁files 1.54296875
▁and 1.607421875
▁data 0.94091796875
▁multiple 6.25390625
▁times 0.0088348388671875
, 1.2880859375
▁making 2.1640625
▁it 0.10394287109375
▁a 1.1025390625
▁highly 2.583984375
▁econom 3.625
ical 0.00691986083984375
▁solution 2.123046875
. 1.017578125
▁The 1.2119140625
▁new 2.25390625
▁CD 1.4541015625
- 0.06817626953125
Re 0.06744384765625
Write 0.022735595703125
able 0.006572723388671875
▁technology 0.0755615234375
▁is 0.8701171875
▁a 2.666015625
▁result 4.2421875
▁of 0.0034885406494140625
▁years 1.982421875
- 5.671875
long 0.026123046875
▁research 0.634765625
▁and 0.235595703125
▁development 0.233642578125
▁by 1.3623046875
▁the 0.6884765625
▁three 0.6875
▁high 2.2890625
▁te 0.244873046875
ch 0.0006990432739257812
▁gi 0.4541015625
ants 1.2040138244628906e-05
. 0.759765625
▁It 1.5712890625
▁is 0.91064453125
▁based 3.13671875
▁on 0.015899658203125
▁a 1.16015625
▁technique 4.95703125
▁called 0.86083984375
▁phase 1.9375
- 0.59423828125
change 0.0286865234375
▁technology 2.03515625
, 0.2330322265625
▁which 0.1678466796875
▁allows 1.822265625
▁the 0.93603515625
▁las 5.24609375
er 0.053558349609375
▁beam 1.58984375
▁to 0.2347412109375
▁rewrite 3.8671875
▁the 0.9287109375
▁data 1.4521484375
▁on 1.1767578125
▁the 0.286865234375
▁disc 0.7626953125
▁at 4.46484375
▁varying 5.46484375
▁spe 2.505859375
eds 0.00011563301086425781
▁without 4.3359375
▁comprom 3.658203125
ising 0.001491546630859375
▁the 0.62109375
▁integrity 1.599609375
▁of 0.13818359375
▁the 0.0269622802734375
▁data 0.455078125
▁already 8.703125
▁stored 0.423828125
. 0.96875
▁The 0.89306640625
▁technology 0.98828125
▁is 0.73486328125
▁expected 1.37890625
▁to 0.0013685226440429688
▁have 3.744140625
▁a 0.36865234375
▁significant 1.2734375
▁impact 0.0430908203125
▁on 0.09942626953125
▁the 0.1517333984375
▁market 1.013671875
, 0.76416015625
▁especially 0.91064453125
▁for 1.8408203125
▁small 3.939453125
▁business 0.6767578125
es 0.0931396484375
▁and 0.344482421875
▁individuals 0.7109375
▁who 0.34619140625
▁need 0.73779296875
▁cost 6.08203125
- 0.029998779296875
effect 0.1268310546875
ive 0.000286102294921875
▁solutions 1.521484375
▁to 1.5830078125
▁store 0.18994140625
▁their 1.130859375
▁data 0.64111328125
. 0.52880859375
▁It 1.375
▁is 0.40478515625
▁also 0.51904296875
▁spec 9.4765625
ulated 0.00098419189453125
▁that 0.280029296875
▁it 2.86328125
▁could 1.2900390625
▁lead 2.998046875
▁to 0.003299713134765625
▁the 0.6689453125
▁creation 2.693359375
▁of 0.0020580291748046875
▁new 0.57373046875
▁mark 3.18359375
ets 0.00011980533599853516
▁for 1.6474609375
▁CD 1.755859375
- 0.6240234375
ROM 2.396484375
s 0.99169921875
▁as 3.130859375
▁the 1.9423828125
▁re 2.90234375
- 3.244140625
writ 0.58984375
able 0.056884765625
▁feature 3.703125
▁allows 1.41796875
▁for 1.162109375
▁the 1.2431640625
▁storage 2.75390625
▁of 0.1405029296875
▁dynamic 4.59375
▁data 0.58544921875
▁that 2.423828125
▁is 2.146484375
▁updated 1.958984375
▁regularly 0.9130859375
. 0.2685546875
▁Moreover 4.96484375
, 0.0006442070007324219
▁with 3.201171875
▁the 0.17041015625
▁release 4.296875
▁of 0.003131866455078125
▁the 0.458984375
▁CD 1.384765625
- 0.00394439697265625
Re 0.039764404296875
Write 0.00885009765625
able 0.0023956298828125
▁technology 0.05291748046875
, 0.024871826171875
▁consum 4.07421875
ers 3.2901763916015625e-05
▁can 1.1455078125
▁expect 1.0703125
▁a 2.205078125
▁drop 3.357421875
▁in 0.00498199462890625
▁the 0.923828125
▁price 0.869140625
▁of 0.0261993408203125
▁standard 3.6171875
▁CD 0.05572509765625
- 0.382568359375
ROM 0.051605224609375
s 0.09454345703125
▁since 2.451171875
▁the 0.80859375
▁market 3.203125
▁will 0.66845703125
▁be 1.05859375
▁opened 5.4296875
▁up 0.681640625
▁to 0.1864013671875
▁more 1.8662109375
▁econom 6.47265625
ical 0.0673828125
▁alternatives 1.396484375
. 0.11395263671875
▁" 6.5
This 1.7861328125
▁is 0.73046875
▁an 1.611328125
▁exc 0.50048828125
iting 6.151199340820312e-05
▁time 1.7333984375
▁for 0.09765625
▁the 0.352783203125
▁industry 1.6025390625
▁and 2.154296875
▁for 1.3125
▁all 4.81640625
▁those 1.796875
▁who 0.289306640625
▁need 3.5859375
▁to 1.041015625
▁store 0.31005859375
▁and 0.912109375
▁access 1.5087890625
▁their 1.1513671875
▁data 0.38818359375
▁regularly 5.84765625
," 0.293212890625
▁said 0.0997314453125
▁Ko 7.8046875
ichi 0.9658203125
▁Su 4.4765625
zu 0.140380859375
ki 0.0069427490234375
▁of 3.16796875
▁Sony 0.21826171875
. 0.82470703125
▁" 0.06036376953125
This 2.1484375
▁release 6.703125
▁will 1.7392578125
▁allow 2.19140625
▁for 2.298828125
▁the 1.37109375
▁efficient 4.64453125
▁management 3.326171875
▁of 0.2093505859375
▁files 4.19140625
▁and 0.395751953125
▁the 3.09765625
▁creation 2.455078125
▁of 0.00371551513671875
▁new 0.330078125
▁opportun 3.1875
ities 1.823902130126953e-05
▁within 5.46875
▁the 0.103759765625
▁market 0.5537109375
." 0.3720703125
▁The 0.82568359375
▁CD 0.7861328125
- 0.0017137527465820312
Re 0.0130615234375
Write 0.005092620849609375
able 0.0004763603210449219
▁technology 0.014312744140625
▁is 0.407958984375
▁a 2.66796875
▁welcome 4.1953125
▁sight 7.49609375
▁for 0.1588134765625
▁many 1.390625
▁people 2.04296875
▁as 2.28125
▁they 4.265625
▁no 2.783203125
▁longer 0.0007252693176269531
▁need 1.361328125
▁to 0.01076507568359375
▁worry 0.69091796875
▁about 0.001556396484375
▁their 2.57421875
▁data 0.55224609375
▁being 0.5888671875
▁lost 0.51416015625
▁or 0.347900390625
▁comprom 2.525390625
ised 0.0010156631469726562
. 0.4423828125
▁The 1.8369140625
▁technology 0.65234375
▁is 1.1611328125
▁expected 1.708984375
▁to 0.0003960132598876953
▁be 1.615234375
▁a 2.337890625
▁hit 3.96484375
▁among 1.1806640625
▁students 4.3203125
, 0.495849609375
▁research 2.73046875
ers 0.0036640167236328125
, 0.0286865234375
▁and 0.12286376953125
▁profession 1.6884765625
als 6.008148193359375e-05
, 2.4375
▁who 0.5771484375
▁generate 8.09375
▁a 1.6640625
▁large 1.2255859375
▁amount 0.259765625
▁of 0.0014295578002929688
▁data 0.049774169921875
▁and 1.638671875
▁need 0.53564453125
▁easily 8.8203125
▁accessible 0.1904296875
▁and 0.8515625
▁reliable 1.6083984375
▁storage 0.489013671875
▁solutions 0.21142578125
. 0.034149169921875
▁In 3.01171875
▁conclusion 0.6845703125
, 0.000827789306640625
▁the 0.02203369140625
▁release 1.208984375
▁of 0.0007681846618652344
▁the 0.082763671875
▁CD 0.0589599609375
- 0.0007534027099609375
Re 0.00341796875
Write 0.004100799560546875
able 0.00020968914031982422
▁technology 0.00469970703125
▁is 0.29296875
▁a 0.07403564453125
▁break 4.6328125
through 0.000789642333984375
▁in 1.033203125
▁the 0.058441162109375
▁field 1.1923828125
▁of 0.005855560302734375
▁storage 2.939453125
▁technology 2.2890625
, 1.8232421875
▁and 1.1494140625
▁it 0.144287109375
▁is 0.40966796875
▁expected 0.50732421875
▁to 0.00357818603515625
▁have 1.66015625
▁a 0.0845947265625
▁significant 0.290771484375
▁impact 0.005767822265625
▁on 0.01163482666015625
▁the 0.0323486328125
▁market 0.09912109375
. 0.37255859375
▁The 1.296875
▁technology 0.34521484375
' 4.85546875
s 9.202957153320312e-05
▁high 4.41796875
▁capacity 1.20703125
▁and 1.2109375
▁afford 3.220703125
ability 0.255615234375
▁make 0.37548828125
▁it 0.0008349418640136719
▁an 0.62744140625
▁ideal 1.48828125
▁choice 1.982421875
▁for 0.00237274169921875
▁people 1.609375
▁who 0.118408203125
▁need 0.0703125
▁to 0.306884765625
▁constantly 7.640625
▁manage 3.7890625
▁and 0.335205078125
▁store 0.771484375
▁data 2.4609375
. 0.288330078125
▁Furthermore 4.96484375
, 0.00029015541076660156
▁the 0.61474609375
▁technology 1.8896484375
▁could 4.97265625
▁create 3.158203125
▁new 0.0396728515625
▁business 5.23046875
▁opportun 0.0638427734375
ities 3.993511199951172e-05
, 2.470703125
▁especially 1.5830078125
▁for 0.3974609375
▁small 0.724609375
▁business 0.08734130859375
es 0.0288848876953125
▁who 4.20703125
▁need 0.6806640625
▁to 2.296875
▁efficiently 3.890625
▁store 1.4052734375
▁their 1.361328125
▁vital 7.625
▁information 0.99169921875
. 0.149658203125
