▁Information 10.375
▁ 4.9765625
8 3.90234375
8 3.234375
8 1.9560546875
- 4.35546875
2 3.041015625
8 2.2109375
2 4.375
- 1.8837890625
0 2.50390625
4 2.453125
7 2.029296875
6 3.744140625
▁ 1.8671875
8 0.53173828125
8 0.28076171875
8 0.08502197265625
- 0.2021484375
2 0.2193603515625
8 0.0250701904296875
2 0.07403564453125
- 0.1312255859375
0 0.07098388671875
4 0.02972412109375
7 0.03778076171875
6 0.12548828125
▁ 0.72119140625
8 0.032806396484375
8 0.00905609130859375
8 0.005336761474609375
- 0.0286712646484375
2 0.01361846923828125
8 0.001678466796875
2 0.00421142578125
- 0.038360595703125
0 0.00485992431640625
4 0.0028324127197265625
7 0.006816864013671875
6 0.0174560546875
▁ 0.28125
8 0.015777587890625
8 0.0038127899169921875
8 0.0024280548095703125
- 0.0161590576171875
2 0.00800323486328125
8 0.001117706298828125
2 0.003993988037109375
- 0.01398468017578125
0 0.00344085693359375
4 0.0040283203125
7 0.006561279296875
6 0.018096923828125
▁ 0.247314453125
8 0.00904083251953125
8 0.002094268798828125
8 0.0013427734375
- 0.009918212890625
2 0.00811767578125
8 0.000885009765625
2 0.003780364990234375
- 0.0121002197265625
0 0.0028553009033203125
4 0.0036602020263671875
7 0.005619049072265625
6 0.0174407958984375
▁ 0.197265625
8 0.00783538818359375
8 0.0018396377563476562
8 0.00118255615234375
- 0.00865936279296875
2 0.0079498291015625
8 0.0008072853088378906
2 0.0032367706298828125
- 0.01006317138671875
0 0.002689361572265625
4 0.0034313201904296875
7 0.00518035888671875
6 0.01493072509765625
▁ 0.1527099609375
8 0.006710052490234375
8 0.0017852783203125
8 0.0013532638549804688
- 0.00717926025390625
2 0.006824493408203125
8 0.0007128715515136719
2 0.00273895263671875
- 0.01464080810546875
0 0.0022983551025390625
4 0.003238677978515625
7 0.00458526611328125
6 0.01142120361328125
▁ 0.1268310546875
8 0.00652313232421875
8 0.001880645751953125
8 0.0014123916625976562
- 0.006717681884765625
2 0.0074920654296875
8 0.0006580352783203125
2 0.0024051666259765625
- 0.01494598388671875
0 0.002414703369140625
4 0.0032253265380859375
7 0.004718780517578125
6 0.01134490966796875
▁ 0.11572265625
8 0.006473541259765625
8 0.0017614364624023438
8 0.001209259033203125
- 0.005802154541015625
2 0.006610870361328125
8 0.0006036758422851562
2 0.00225067138671875
- 0.01465606689453125
0 0.0018863677978515625
4 0.002765655517578125
7 0.00417327880859375
6 0.010040283203125
▁ 0.1024169921875
8 0.005184173583984375
8 0.0015964508056640625
8 0.0010223388671875
- 0.0053863525390625
2 0.006801605224609375
8 0.0006465911865234375
2 0.0022525787353515625
- 0.011260986328125
0 0.002071380615234375
4 0.0033321380615234375
7 0.004302978515625
6 0.010284423828125
▁ 0.08734130859375
8 0.0040130615234375
8 0.00144195556640625
8 0.0008902549743652344
- 0.004848480224609375
2 0.0054168701171875
8 0.0005230903625488281
2 0.0020160675048828125
- 0.00847625732421875
0 0.0016241073608398438
4 0.00262451171875
7 0.00392913818359375
6 0.0088958740234375
▁ 0.078125
8 0.003509521484375
8 0.0013723373413085938
8 0.0007548332214355469
- 0.004520416259765625
2 0.004650115966796875
8 0.000446319580078125
2 0.0016717910766601562
- 0.00585174560546875
0 0.0015554428100585938
4 0.002391815185546875
7 0.003482818603515625
6 0.0079193115234375
▁ 0.06854248046875
8 0.003025054931640625
8 0.0012845993041992188
8 0.000766754150390625
- 0.004180908203125
2 0.004024505615234375
8 0.00042319297790527344
2 0.0016336441040039062
- 0.005649566650390625
0 0.0015192031860351562
4 0.0022029876708984375
7 0.0033130645751953125
6 0.007678985595703125
▁ 0.059478759765625
8 0.0028781890869140625
8 0.001247406005859375
8 0.0007390975952148438
- 0.003604888916015625
2 0.0038051605224609375
8 0.00038361549377441406
2 0.0014352798461914062
- 0.005191802978515625
0 0.0014390945434570312
4 0.0021381378173828125
7 0.00315093994140625
6 0.006999969482421875
▁ 0.05316162109375
8 0.002643585205078125
8 0.0012149810791015625
8 0.0007205009460449219
- 0.0038356781005859375
2 0.0037403106689453125
8 0.00039124488830566406
2 0.0012969970703125
- 0.003704071044921875
0 0.0013265609741210938
4 0.0019044876098632812
7 0.0028820037841796875
6 0.006267547607421875
▁ 0.049774169921875
8 0.0024814605712890625
8 0.001129150390625
8 0.0006313323974609375
- 0.0032711029052734375
2 0.003330230712890625
8 0.00035262107849121094
2 0.001163482666015625
- 0.0026264190673828125
0 0.0012760162353515625
4 0.0015926361083984375
7 0.002452850341796875
6 0.005615234375
▁ 0.04571533203125
8 0.0021820068359375
8 0.0010747909545898438
8 0.0005941390991210938
- 0.002902984619140625
2 0.003116607666015625
8 0.00032067298889160156
2 0.0011234283447265625
- 0.00196075439453125
0 0.0011806488037109375
4 0.0013303756713867188
7 0.0022678375244140625
6 0.0051116943359375
▁ 0.041534423828125
8 0.0019550323486328125
8 0.0010576248168945312
8 0.0005574226379394531
- 0.0025882720947265625
2 0.0028228759765625
8 0.00029659271240234375
2 0.0010557174682617188
- 0.0018777847290039062
0 0.0011425018310546875
4 0.0012445449829101562
7 0.002300262451171875
6 0.00493621826171875
▁ 0.03851318359375
8 0.0018863677978515625
8 0.0010747909545898438
8 0.0006165504455566406
- 0.00284576416015625
2 0.0027618408203125
8 0.0002655982971191406
2 0.001003265380859375
- 0.00222015380859375
0 0.0010700225830078125
4 0.0012254714965820312
7 0.002376556396484375
6 0.0047454833984375
▁ 0.037628173828125
8 0.0018367767333984375
8 0.001041412353515625
8 0.0006222724914550781
- 0.0028018951416015625
2 0.0025501251220703125
8 0.00027298927307128906
2 0.0009489059448242188
- 0.001972198486328125
0 0.0011892318725585938
4 0.0014219284057617188
7 0.0027313232421875
6 0.0051116943359375
▁ 0.036956787109375
8 0.0017528533935546875
8 0.0010557174682617188
8 0.0005950927734375
- 0.0026798248291015625
2 0.0025539398193359375
8 0.00026035308837890625
2 0.0008974075317382812
- 0.0019102096557617188
0 0.0011091232299804688
4 0.0013608932495117188
7 0.0025196075439453125
6 0.004673004150390625
▁ 0.0347900390625
8 0.0018758773803710938
8 0.0010318756103515625
8 0.00054168701171875
- 0.002460479736328125
2 0.0024509429931640625
8 0.00025773048400878906
2 0.0009121894836425781
- 0.0017175674438476562
0 0.00106048583984375
4 0.0012998580932617188
7 0.002536773681640625
6 0.004627227783203125
▁ 0.0318603515625
8 0.001873016357421875
8 0.0010929107666015625
8 0.0005030632019042969
- 0.0024509429931640625
2 0.002544403076171875
8 0.0002675056457519531
2 0.0010013580322265625
- 0.0019178390502929688
0 0.001064300537109375
4 0.0012750625610351562
7 0.0024890899658203125
6 0.004589080810546875
▁ 0.0322265625
8 0.0018033981323242188
8 0.0010557174682617188
8 0.00048661231994628906
- 0.002376556396484375
2 0.0024127960205078125
8 0.00023758411407470703
2 0.000946044921875
- 0.0016460418701171875
0 0.0010366439819335938
4 0.0011548995971679688
7 0.0023021697998046875
6 0.00457000732421875
▁ 0.033843994140625
8 0.0017642974853515625
8 0.0010938644409179688
8 0.0005655288696289062
- 0.0024547576904296875
2 0.0022869110107421875
8 0.00022149085998535156
2 0.0009565353393554688
- 0.0022430419921875
0 0.0009622573852539062
4 0.0011310577392578125
7 0.0023326873779296875
6 0.00455474853515625
▁ 0.032806396484375
8 0.0016794204711914062
8 0.0010957717895507812
8 0.00055694580078125
- 0.002471923828125
2 0.002117156982421875
8 0.000209808349609375
2 0.0007762908935546875
- 0.0017223358154296875
0 0.0009503364562988281
4 0.001064300537109375
7 0.0021209716796875
6 0.004253387451171875
▁ 0.03131103515625
8 0.001674652099609375
8 0.0010614395141601562
8 0.0005278587341308594
- 0.002033233642578125
2 0.0018281936645507812
8 0.00018668174743652344
2 0.0007834434509277344
- 0.0013418197631835938
0 0.0008287429809570312
4 0.0008630752563476562
7 0.0019435882568359375
6 0.003826141357421875
▁ 0.0293121337890625
8 0.0016374588012695312
8 0.0010194778442382812
8 0.0004878044128417969
- 0.001678466796875
2 0.001773834228515625
8 0.0001900196075439453
2 0.0007519721984863281
- 0.0010461807250976562
0 0.0007982254028320312
4 0.0008478164672851562
7 0.001850128173828125
6 0.003551483154296875
▁ 0.0265045166015625
8 0.001651763916015625
8 0.0010213851928710938
8 0.00044226646423339844
- 0.0015773773193359375
2 0.001735687255859375
8 0.00018894672393798828
2 0.0007429122924804688
- 0.0010509490966796875
0 0.0008273124694824219
4 0.0008082389831542969
7 0.0018434524536132812
6 0.0034656524658203125
▁ 0.0252685546875
8 0.001705169677734375
8 0.001049041748046875
8 0.0004546642303466797
- 0.001617431640625
2 0.0016536712646484375
8 0.00016438961029052734
2 0.0006799697875976562
- 0.0009417533874511719
0 0.0007452964782714844
4 0.0007185935974121094
7 0.001697540283203125
6 0.0031642913818359375
▁ 0.0244140625
8 0.001667022705078125
8 0.0010166168212890625
8 0.0005025863647460938
- 0.0016546249389648438
2 0.0015888214111328125
8 0.00016415119171142578
2 0.0007023811340332031
- 0.0010881423950195312
0 0.0007786750793457031
4 0.0007290840148925781
7 0.0018253326416015625
6 0.00316619873046875
▁ 0.023223876953125
8 0.0016336441040039062
8 0.0010099411010742188
8 0.0005350112915039062
- 0.001575469970703125
2 0.0015316009521484375
8 0.00015151500701904297
2 0.0006299018859863281
- 0.0011148452758789062
0 0.0007915496826171875
4 0.0007061958312988281
7 0.001766204833984375
6 0.003021240234375
▁ 0.0220794677734375
8 0.0016078948974609375
8 0.0010013580322265625
8 0.0005631446838378906
- 0.0017900466918945312
2 0.0015773773193359375
8 0.00014984607696533203
2 0.0006761550903320312
- 0.0014247894287109375
0 0.000774383544921875
4 0.0007419586181640625
7 0.00197601318359375
6 0.0031833648681640625
▁ 0.02215576171875
8 0.0015544891357421875
8 0.0010042190551757812
8 0.0005545616149902344
- 0.0017538070678710938
2 0.0015077590942382812
8 0.00015342235565185547
2 0.0006389617919921875
- 0.0012683868408203125
0 0.0007710456848144531
4 0.0007414817810058594
7 0.0018215179443359375
6 0.0030345916748046875
▁ 0.0218353271484375
8 0.00153350830078125
8 0.000972747802734375
8 0.0005202293395996094
- 0.0014467239379882812
2 0.001399993896484375
8 0.0001500844955444336
2 0.0006222724914550781
- 0.0010709762573242188
0 0.000713348388671875
4 0.00061798095703125
7 0.0015802383422851562
6 0.0028820037841796875
▁ 0.021392822265625
8 0.0014896392822265625
8 0.0009756088256835938
8 0.0004780292510986328
- 0.0013494491577148438
2 0.00128173828125
8 0.0001373291015625
2 0.0006070137023925781
- 0.0009546279907226562
0 0.000640869140625
4 0.0005550384521484375
7 0.0014657974243164062
6 0.002651214599609375
▁ 0.0193023681640625
8 0.001430511474609375
8 0.0009813308715820312
8 0.0004801750183105469
- 0.0013589859008789062
2 0.0012483596801757812
8 0.0001342296600341797
2 0.0005927085876464844
- 0.00118255615234375
0 0.0006656646728515625
4 0.0005278587341308594
7 0.0013875961303710938
6 0.0025768280029296875
▁ 0.0184173583984375
8 0.00140380859375
8 0.0009641647338867188
8 0.0004968643188476562
- 0.0012979507446289062
2 0.0011415481567382812
8 0.00012302398681640625
2 0.0005626678466796875
- 0.0009632110595703125
0 0.0006618499755859375
4 0.0004944801330566406
7 0.001354217529296875
6 0.0025234222412109375
▁ 0.01812744140625
8 0.0013418197631835938
8 0.0009784698486328125
8 0.0005183219909667969
- 0.0012712478637695312
2 0.00115203857421875
8 0.00012874603271484375
2 0.0005855560302734375
- 0.0009474754333496094
0 0.0006818771362304688
4 0.0005822181701660156
7 0.0014677047729492188
6 0.0025501251220703125
▁ 0.017578125
8 0.001377105712890625
8 0.0009860992431640625
8 0.0005373954772949219
- 0.0012426376342773438
2 0.0010890960693359375
8 0.00012671947479248047
2 0.0005440711975097656
- 0.0007624626159667969
0 0.0007100105285644531
4 0.0005826950073242188
7 0.0013704299926757812
6 0.002452850341796875
▁ 0.016845703125
8 0.0013637542724609375
8 0.0009937286376953125
8 0.0005054473876953125
- 0.0011444091796875
2 0.0010728836059570312
8 0.00011909008026123047
2 0.0005426406860351562
- 0.0007138252258300781
0 0.0006322860717773438
4 0.0005254745483398438
7 0.0012655258178710938
6 0.0022182464599609375
▁ 0.016510009765625
8 0.0012865066528320312
8 0.0009732246398925781
8 0.0004949569702148438
- 0.0011463165283203125
2 0.0010213851928710938
8 0.00011658668518066406
2 0.0005297660827636719
- 0.0006098747253417969
0 0.0005974769592285156
4 0.0005135536193847656
7 0.0012063980102539062
6 0.002140045166015625
▁ 0.0161285400390625
8 0.0012407302856445312
8 0.0009899139404296875
8 0.00048351287841796875
- 0.001041412353515625
2 0.0009813308715820312
8 0.00010585784912109375
2 0.0004949569702148438
- 0.0006251335144042969
0 0.0005817413330078125
4 0.00048351287841796875
7 0.0010557174682617188
6 0.0020313262939453125
▁ 0.015716552734375
8 0.0012063980102539062
8 0.0009784698486328125
8 0.0005106925964355469
- 0.0011653900146484375
2 0.0009589195251464844
8 9.691715240478516e-05
2 0.0004553794860839844
- 0.0006127357482910156
0 0.0005221366882324219
4 0.0004703998565673828
7 0.0009613037109375
6 0.0018930435180664062
▁ 0.0161895751953125
8 0.0011234283447265625
8 0.0009708404541015625
8 0.0005140304565429688
- 0.0011272430419921875
2 0.0008578300476074219
8 9.5367431640625e-05
2 0.0004436969757080078
- 0.000568389892578125
0 0.000522613525390625
4 0.0005064010620117188
7 0.0009679794311523438
6 0.0018377304077148438
▁ 0.0154571533203125
8 0.001087188720703125
8 0.0009474754333496094
8 0.0004916191101074219
- 0.0009679794311523438
2 0.00081634521484375
8 8.916854858398438e-05
2 0.0003910064697265625
- 0.0004432201385498047
0 0.0004982948303222656
4 0.0004391670227050781
7 0.0009026527404785156
6 0.0017766952514648438
▁ 0.01442718505859375
8 0.0010690689086914062
8 0.000926971435546875
8 0.00045871734619140625
- 0.0008835792541503906
2 0.0007877349853515625
8 8.7738037109375e-05
2 0.0003848075866699219
- 0.00045013427734375
0 0.0004429817199707031
4 0.00041031837463378906
7 0.0009531974792480469
6 0.0017213821411132812
▁ 0.0139007568359375
8 0.0010423660278320312
8 0.0009493827819824219
8 0.0004589557647705078
- 0.0009074211120605469
2 0.0007472038269042969
8 8.022785186767578e-05
2 0.00035452842712402344
- 0.0004355907440185547
0 0.00042247772216796875
4 0.0003674030303955078
7 0.0008678436279296875
6 0.00164031982421875
▁ 0.01348876953125
8 0.00102996826171875
8 0.0009446144104003906
8 0.0004570484161376953
- 0.0008263587951660156
2 0.0007038116455078125
8 7.534027099609375e-05
2 0.0003504753112792969
- 0.0004329681396484375
0 0.0003986358642578125
4 0.0003147125244140625
7 0.000797271728515625
6 0.0015583038330078125
▁ 0.01311492919921875
8 0.0010013580322265625
8 0.0009613037109375
8 0.0004775524139404297
- 0.0008378028869628906
2 0.0006847381591796875
8 7.164478302001953e-05
2 0.0003516674041748047
- 0.0004703998565673828
0 0.0003879070281982422
4 0.00032401084899902344
7 0.0008139610290527344
6 0.0015344619750976562
▁ 0.01212310791015625
8 0.0009965896606445312
8 0.0009813308715820312
8 0.0005068778991699219
- 0.0008172988891601562
2 0.0006499290466308594
8 7.104873657226562e-05
2 0.0003571510314941406
- 0.0004401206970214844
0 0.0004150867462158203
4 0.0003299713134765625
7 0.0007948875427246094
6 0.001544952392578125
▁ 0.01100921630859375
8 0.000995635986328125
8 0.0010023117065429688
8 0.0005040168762207031
- 0.0007772445678710938
2 0.00064849853515625
8 6.914138793945312e-05
2 0.0003407001495361328
- 0.0004100799560546875
0 0.0004191398620605469
4 0.00033164024353027344
7 0.0008096694946289062
6 0.0015163421630859375
▁ 0.01035308837890625
8 0.0009698867797851562
8 0.0010061264038085938
8 0.0005078315734863281
- 0.0007328987121582031
2 0.000644683837890625
8 7.152557373046875e-05
2 0.00035381317138671875
- 0.0003104209899902344
0 0.0004208087921142578
4 0.00035119056701660156
7 0.00080108642578125
6 0.001476287841796875
▁ 0.00997161865234375
8 0.0009551048278808594
8 0.0010328292846679688
8 0.0005097389221191406
- 0.0006747245788574219
2 0.00061798095703125
8 6.711483001708984e-05
2 0.0003311634063720703
- 0.0002727508544921875
0 0.00038933753967285156
4 0.0003027915954589844
7 0.000736236572265625
6 0.0013904571533203125
▁ 0.00948333740234375
8 0.000934600830078125
8 0.0010519027709960938
8 0.0005311965942382812
- 0.0006909370422363281
2 0.0006170272827148438
8 6.401538848876953e-05
2 0.00031447410583496094
- 0.0002760887145996094
0 0.0003669261932373047
4 0.0002803802490234375
7 0.0007328987121582031
6 0.00133514404296875
▁ 0.00939178466796875
8 0.0008859634399414062
8 0.0010576248168945312
8 0.0005550384521484375
- 0.0007176399230957031
2 0.0005936622619628906
8 6.115436553955078e-05
2 0.0003104209899902344
- 0.00029397010803222656
0 0.00036334991455078125
4 0.0002684593200683594
7 0.0007295608520507812
6 0.00128936767578125
▁ 0.009490966796875
8 0.0008406639099121094
8 0.0010366439819335938
8 0.0005812644958496094
- 0.0006737709045410156
2 0.0005769729614257812
8 5.638599395751953e-05
2 0.0002994537353515625
- 0.0002849102020263672
0 0.0003497600555419922
4 0.0002598762512207031
7 0.0006556510925292969
6 0.0012378692626953125
<0x0A> 6.0078125
The 4.03125
▁latest 5.58203125
▁processes 13.1015625
▁in 3.01953125
▁cultural 10.21875
▁change 5.52734375
▁demonstrate 9.1640625
▁that 1.0966796875
▁both 6.203125
▁sides 5.0078125
▁of 0.65869140625
▁the 0.37646484375
▁argument 4.48046875
, 3.748046875
▁namely 5.7734375
▁those 2.99609375
▁supporting 4.4375
▁divers 6.3359375
ification 4.77734375
▁and 0.337646484375
▁the 3.759765625
▁ones 3.619140625
▁claim 5.0078125
ing 0.0006051063537597656
▁hom 6.37890625
ogene 0.2027587890625
ity 0.001804351806640625
, 0.457275390625
▁have 1.6181640625
▁reasonable 6.78515625
▁grounds 2.560546875
. 1.4658203125
▁On 5.1875
▁the 0.346923828125
▁one 0.509765625
▁hand 0.0931396484375
, 0.08306884765625
▁Cow 14.9375
en 0.806640625
▁( 2.474609375
2 0.2337646484375
0 0.0007119178771972656
1 0.7841796875
0 1.9501953125
) 0.29296875
▁states 3.435546875
▁that 0.337158203125
▁in 4.5859375
▁a 2.263671875
▁global 2.453125
ized 1.1171875
▁society 3.91796875
▁where 3.697265625
▁a 4.0390625
▁dominant 6.2265625
▁culture 1.1640625
▁prev 4.60546875
ails 0.008514404296875
, 0.34375
▁divers 2.330078125
ity 0.444580078125
▁will 3.716796875
▁be 1.69921875
▁subst 9.3828125
it 0.012725830078125
uted 0.005474090576171875
▁with 1.712890625
▁the 4.20703125
▁culture 4.4375
▁that 2.8828125
▁is 1.17578125
▁im 6.73828125
posed 0.141845703125
▁on 1.4697265625
▁others 3.724609375
▁through 3.666015625
▁such 6.3984375
▁means 1.5595703125
▁as 0.040679931640625
▁cinema 10.671875
. 4.01171875
▁Indeed 5.38671875
, 0.0343017578125
▁Hollywood 4.44921875
▁prom 6.921875
otes 0.0118560791015625
▁American 2.8125
▁codes 8.890625
▁around 7.12109375
▁the 0.70556640625
▁world 0.23974609375
▁because 5.5234375
▁the 2.505859375
▁US 3.173828125
▁cinema 4.8046875
▁market 2.419921875
▁is 0.386474609375
▁the 0.8876953125
▁largest 0.80712890625
▁in 0.765625
▁the 0.0306396484375
▁world 0.0178070068359375
. 0.6669921875
▁Thus 4.0078125
, 0.055938720703125
▁global 4.5703125
ization 0.53369140625
▁allows 4.15234375
▁Hollywood 2.009765625
▁to 0.225830078125
▁reach 4.48046875
▁all 4.26171875
▁parts 2.818359375
▁of 0.0099334716796875
▁the 0.005741119384765625
▁world 0.1385498046875
, 1.619140625
▁integr 8.9765625
ating 0.01544952392578125
▁the 2.009765625
▁same 5.42578125
▁culture 2.80078125
▁codes 8.296875
▁everywhere 3.96875
. 0.626953125
<0x0A> 2.283203125
The 3.005859375
▁strength 7.82421875
▁of 0.264404296875
▁local 6.74609375
▁cult 1.482421875
ures 0.00113677978515625
▁is 1.146484375
▁considered 5.3359375
▁more 4.0625
▁comp 6.9140625
elling 0.0175018310546875
▁by 2.2109375
▁the 1.4306640625
▁other 1.9912109375
▁side 0.231689453125
▁of 1.0166015625
▁the 0.06329345703125
▁argument 0.1943359375
. 1.376953125
<0x0A> 6.37890625
Since 6.25
▁market 7.71484375
▁forces 2.115234375
▁rule 6.12109375
▁these 6.2421875
▁processes 2.97265625
, 0.20751953125
▁the 1.6982421875
▁host 8.9140625
▁cult 4.05859375
ures 0.0005083084106445312
▁are 1.685546875
▁aware 7.2265625
▁of 0.3369140625
▁the 0.619140625
▁orig 8.3203125
ins 0.00444793701171875
▁of 0.1739501953125
▁the 0.88623046875
▁borrow 9.2578125
ed 0.1884765625
▁cultural 2.263671875
▁clusters 12.28125
. 1.080078125
