▁When 10.375
▁she 13.9453125
▁lost 9.828125
▁her 2.53125
▁job 3.150390625
, 3.212890625
▁she 1.908203125
▁was 2.373046875
▁dev 5.5234375
ast 0.096923828125
ated 0.1368408203125
, 1.2646484375
▁but 3.275390625
▁she 1.1767578125
▁was 1.453125
▁still 3.33203125
▁able 3.25390625
▁to 0.1209716796875
▁find 3.318359375
▁the 2.87109375
▁silver 8.140625
▁l 1.7021484375
ining 0.166015625
. 2.005859375
<0x0A> 1.4794921875
I 3.556640625
▁decided 6.375
▁to 0.369384765625
▁surprise 8.1328125
▁her 1.3359375
▁and 2.294921875
▁find 5.48828125
▁ 8.375
8 4.3984375
8 4.46875
8 1.029296875
- 4.41796875
3 3.017578125
5 2.484375
3 1.697265625
- 0.1007080078125
1 2.8203125
2 2.2265625
9 3.001953125
9 2.42578125
▁ 4.375
8 0.6484375
8 0.14892578125
8 0.006282806396484375
- 0.0697021484375
3 0.047332763671875
5 0.007190704345703125
3 0.003787994384765625
- 0.0055389404296875
1 0.01387786865234375
2 0.0078125
9 0.0087127685546875
9 0.00571441650390625
▁ 1.5546875
8 0.06488037109375
8 0.009735107421875
8 0.0012607574462890625
- 0.0214996337890625
3 0.00946807861328125
5 0.0014781951904296875
3 0.0007872581481933594
- 0.0030727386474609375
1 0.00438690185546875
2 0.002422332763671875
9 0.0028839111328125
9 0.0030059814453125
▁ 0.461181640625
8 0.00843048095703125
8 0.0016298294067382812
8 0.0003941059112548828
- 0.007110595703125
3 0.0021038055419921875
5 0.0006313323974609375
3 0.00032639503479003906
- 0.0012903213500976562
1 0.0014972686767578125
2 0.0007829666137695312
9 0.00109100341796875
9 0.0016412734985351562
▁ 0.291015625
8 0.006572723388671875
8 0.001300811767578125
8 0.0003600120544433594
- 0.005191802978515625
3 0.0014867782592773438
5 0.0005269050598144531
3 0.00024068355560302734
- 0.0009508132934570312
1 0.0011510848999023438
2 0.0005517005920410156
9 0.0007562637329101562
9 0.0014820098876953125
▁ 0.2021484375
8 0.00383758544921875
8 0.0008072853088378906
8 0.00025343894958496094
- 0.0036678314208984375
3 0.0010671615600585938
5 0.0004303455352783203
3 0.00017714500427246094
- 0.0006585121154785156
1 0.0007238388061523438
2 0.00038504600524902344
9 0.0005474090576171875
9 0.0010538101196289062
▁ 0.1903076171875
8 0.0028438568115234375
8 0.00061798095703125
8 0.0001990795135498047
- 0.0026397705078125
3 0.0008692741394042969
5 0.00035119056701660156
3 0.00013244152069091797
- 0.00044608116149902344
1 0.0005707740783691406
2 0.0003185272216796875
9 0.00043010711669921875
9 0.0007486343383789062
▁ 0.17529296875
8 0.0022945404052734375
8 0.0005230903625488281
8 0.00016939640045166016
- 0.0021457672119140625
3 0.0007038116455078125
5 0.0002827644348144531
3 0.00010752677917480469
- 0.00033736228942871094
1 0.0004227161407470703
2 0.0002582073211669922
9 0.0003209114074707031
9 0.0006365776062011719
▁ 0.15625
8 0.002170562744140625
8 0.0005931854248046875
8 0.0001690387725830078
- 0.0018262863159179688
3 0.0006246566772460938
5 0.00028252601623535156
3 0.00010347366333007812
- 0.0002689361572265625
1 0.00041222572326660156
2 0.0002551078796386719
9 0.0002751350402832031
9 0.0005326271057128906
▁ 0.1270751953125
8 0.0019283294677734375
8 0.0005373954772949219
8 0.00015997886657714844
- 0.0016660690307617188
3 0.0005478858947753906
5 0.0002720355987548828
3 9.882450103759766e-05
- 0.0002474784851074219
1 0.0004088878631591797
2 0.0002617835998535156
9 0.0002598762512207031
9 0.0005192756652832031
▁ 0.1044921875
8 0.0018482208251953125
8 0.0005412101745605469
8 0.00017213821411132812
- 0.0017728805541992188
3 0.0005421638488769531
5 0.0002772808074951172
3 0.000102996826171875
- 0.0002548694610595703
1 0.00040078163146972656
2 0.00027060508728027344
9 0.0002410411834716797
9 0.00046753883361816406
▁ 0.09185791015625
8 0.0016965866088867188
8 0.0004801750183105469
8 0.00016438961029052734
- 0.0016164779663085938
3 0.0004925727844238281
5 0.0002593994140625
3 8.749961853027344e-05
- 0.00023865699768066406
1 0.0003459453582763672
2 0.0002384185791015625
9 0.00021195411682128906
9 0.00038695335388183594
▁ 0.07843017578125
8 0.0015382766723632812
8 0.0004534721374511719
8 0.00015807151794433594
- 0.0016384124755859375
3 0.0004227161407470703
5 0.00024247169494628906
3 8.058547973632812e-05
- 0.00022900104522705078
1 0.0003032684326171875
2 0.0002205371856689453
9 0.00020551681518554688
9 0.00036144256591796875
▁ 0.07489013671875
8 0.0014247894287109375
8 0.00044035911560058594
8 0.0001571178436279297
- 0.0015687942504882812
3 0.0004150867462158203
5 0.0002187490463256836
3 7.486343383789062e-05
- 0.00019609928131103516
1 0.0002722740173339844
2 0.0002167224884033203
9 0.00020051002502441406
9 0.0003516674041748047
▁ 0.07196044921875
8 0.0014200210571289062
8 0.0004189014434814453
8 0.000148773193359375
- 0.0013875961303710938
3 0.0004515647888183594
5 0.00023090839385986328
3 6.99758529663086e-05
- 0.00016415119171142578
1 0.0002646446228027344
2 0.0002014636993408203
9 0.00019562244415283203
9 0.0003173351287841797
▁ 0.06597900390625
8 0.0015077590942382812
8 0.0003714561462402344
8 0.00012671947479248047
- 0.0010814666748046875
3 0.0003733634948730469
5 0.00021147727966308594
3 6.473064422607422e-05
- 0.00014472007751464844
1 0.00023293495178222656
2 0.00016987323760986328
9 0.0001785755157470703
9 0.000293731689453125
▁ 0.057830810546875
8 0.0013990402221679688
8 0.0003552436828613281
8 0.00012087821960449219
- 0.0009908676147460938
3 0.0003504753112792969
5 0.00020611286163330078
3 6.449222564697266e-05
- 0.00012743473052978516
1 0.00023543834686279297
2 0.00016891956329345703
9 0.00016117095947265625
9 0.0002665519714355469
▁ 0.04833984375
8 0.0011692047119140625
8 0.0002925395965576172
8 0.0001074075698852539
- 0.000843048095703125
3 0.0003552436828613281
5 0.00021219253540039062
3 6.306171417236328e-05
- 0.00011420249938964844
1 0.0002256631851196289
2 0.00015938282012939453
9 0.0001436471939086914
9 0.00023818016052246094
▁ 0.04339599609375
8 0.0011396408081054688
8 0.00027489662170410156
8 0.00010991096496582031
- 0.0008440017700195312
3 0.00033974647521972656
5 0.00020039081573486328
3 6.008148193359375e-05
- 0.00010788440704345703
1 0.00022161006927490234
2 0.00015223026275634766
9 0.00013518333435058594
9 0.00022542476654052734
▁ 0.04315185546875
8 0.0010013580322265625
8 0.00024509429931640625
8 9.894371032714844e-05
- 0.0007429122924804688
3 0.0003216266632080078
5 0.0001932382583618164
3 5.7816505432128906e-05
- 0.00010192394256591797
1 0.0002065896987915039
2 0.00014317035675048828
9 0.0001379251480102539
9 0.0002123117446899414
▁ 0.043121337890625
8 0.0010671615600585938
8 0.00024044513702392578
8 9.453296661376953e-05
- 0.0007123947143554688
3 0.0003154277801513672
5 0.00020313262939453125
3 5.6743621826171875e-05
- 9.918212890625e-05
1 0.0002086162567138672
2 0.00014710426330566406
9 0.00014531612396240234
9 0.00022602081298828125
▁ 0.043121337890625
8 0.0010557174682617188
8 0.00022304058074951172
8 8.881092071533203e-05
- 0.0006995201110839844
3 0.0003070831298828125
5 0.000194549560546875
3 5.6862831115722656e-05
- 9.644031524658203e-05
1 0.00019991397857666016
2 0.00014483928680419922
9 0.00013434886932373047
9 0.00021183490753173828
▁ 0.041259765625
8 0.0010042190551757812
8 0.0002117156982421875
8 8.761882781982422e-05
- 0.0006642341613769531
3 0.0002956390380859375
5 0.00019443035125732422
3 5.614757537841797e-05
- 9.262561798095703e-05
1 0.00020229816436767578
2 0.00014507770538330078
9 0.00012373924255371094
9 0.00020051002502441406
▁ 0.039306640625
8 0.0008935928344726562
8 0.00019443035125732422
8 8.20159912109375e-05
- 0.0006194114685058594
3 0.00030231475830078125
5 0.000202178955078125
3 5.53131103515625e-05
- 8.654594421386719e-05
1 0.00020432472229003906
2 0.00014102458953857422
9 0.00012135505676269531
9 0.00020170211791992188
▁ 0.037689208984375
8 0.0008554458618164062
8 0.00018787384033203125
8 8.33272933959961e-05
- 0.0005888938903808594
3 0.00028777122497558594
5 0.0001919269561767578
3 5.412101745605469e-05
- 7.987022399902344e-05
1 0.00020766258239746094
2 0.00014531612396240234
9 0.00011920928955078125
9 0.0001958608627319336
▁ 0.0350341796875
8 0.0008192062377929688
8 0.00017189979553222656
8 7.510185241699219e-05
- 0.0005178451538085938
3 0.00031828880310058594
5 0.00019311904907226562
3 4.863739013671875e-05
- 7.18832015991211e-05
1 0.00018477439880371094
2 0.00012814998626708984
9 0.00010788440704345703
9 0.00018286705017089844
▁ 0.031951904296875
8 0.0008635520935058594
8 0.00016641616821289062
8 6.818771362304688e-05
- 0.0004475116729736328
3 0.00026726722717285156
5 0.00018668174743652344
3 4.5299530029296875e-05
- 6.651878356933594e-05
1 0.0001704692840576172
2 0.00012183189392089844
9 0.00010395050048828125
9 0.00018024444580078125
▁ 0.0301055908203125
8 0.0007910728454589844
8 0.00014901161193847656
8 5.936622619628906e-05
- 0.0004093647003173828
3 0.0002467632293701172
5 0.00016808509826660156
3 4.363059997558594e-05
- 6.0558319091796875e-05
1 0.00015997886657714844
2 0.00011610984802246094
9 9.608268737792969e-05
9 0.0001741647720336914
▁ 0.028900146484375
8 0.0007581710815429688
8 0.0001405477523803711
8 5.5789947509765625e-05
- 0.00036835670471191406
3 0.00023293495178222656
5 0.0001703500747680664
3 4.303455352783203e-05
- 5.698204040527344e-05
1 0.0001646280288696289
2 0.00011861324310302734
9 9.465217590332031e-05
9 0.00017368793487548828
▁ 0.0271148681640625
8 0.0007791519165039062
8 0.00013136863708496094
8 5.054473876953125e-05
- 0.00035119056701660156
3 0.00023305416107177734
5 0.0001666545867919922
3 4.208087921142578e-05
- 5.698204040527344e-05
1 0.00016820430755615234
2 0.00011444091796875
9 9.47713851928711e-05
9 0.00017404556274414062
▁ 0.02874755859375
8 0.0007834434509277344
8 0.00013446807861328125
8 4.839897155761719e-05
- 0.00033092498779296875
3 0.00022101402282714844
5 0.00016796588897705078
3 4.208087921142578e-05
- 5.829334259033203e-05
1 0.00017595291137695312
2 0.00011551380157470703
9 9.763240814208984e-05
9 0.00016748905181884766
▁ 0.0247344970703125
8 0.0007691383361816406
8 0.00012826919555664062
8 4.6253204345703125e-05
- 0.0003266334533691406
3 0.0002391338348388672
5 0.00017333030700683594
3 4.1365623474121094e-05
- 5.733966827392578e-05
1 0.00017762184143066406
2 0.0001131296157836914
9 9.763240814208984e-05
9 0.00017762184143066406
▁ 0.0238494873046875
8 0.0007691383361816406
8 0.0001302957534790039
8 4.506111145019531e-05
- 0.0003178119659423828
3 0.0002288818359375
5 0.0001652240753173828
3 4.0411949157714844e-05
- 5.614757537841797e-05
1 0.00017011165618896484
2 0.00011074542999267578
9 9.846687316894531e-05
9 0.00017774105072021484
▁ 0.0220184326171875
8 0.0007457733154296875
8 0.00012004375457763672
8 4.017353057861328e-05
- 0.0003039836883544922
3 0.00022733211517333984
5 0.0001659393310546875
3 4.124641418457031e-05
- 5.424022674560547e-05
1 0.00017499923706054688
2 0.00010800361633300781
9 0.0001010894775390625
9 0.0001761913299560547
▁ 0.0224609375
8 0.000759124755859375
8 0.0001150369644165039
8 3.731250762939453e-05
- 0.0002834796905517578
3 0.0002219676971435547
5 0.00016641616821289062
3 4.184246063232422e-05
- 5.257129669189453e-05
1 0.00017189979553222656
2 0.00010633468627929688
9 0.00010406970977783203
9 0.00018644332885742188
▁ 0.0224761962890625
8 0.0007882118225097656
8 0.00011324882507324219
8 3.62396240234375e-05
- 0.00027561187744140625
3 0.00023066997528076172
5 0.00016319751739501953
3 4.279613494873047e-05
- 5.054473876953125e-05
1 0.00017511844635009766
2 0.00010561943054199219
9 0.00010418891906738281
9 0.00019073486328125
▁ 0.022247314453125
8 0.0007853507995605469
8 0.00011110305786132812
8 3.516674041748047e-05
- 0.00027298927307128906
3 0.0002435445785522461
5 0.00016224384307861328
3 4.410743713378906e-05
- 5.269050598144531e-05
1 0.00017201900482177734
2 0.00010859966278076172
9 0.00010585784912109375
9 0.00019550323486328125
▁ 0.0222015380859375
8 0.0008034706115722656
8 0.00011277198791503906
8 3.552436828613281e-05
- 0.00025653839111328125
3 0.00024402141571044922
5 0.00016701221466064453
3 4.506111145019531e-05
- 5.3048133850097656e-05
1 0.00017440319061279297
2 0.00011038780212402344
9 0.00010824203491210938
9 0.00020182132720947266
▁ 0.0231781005859375
8 0.0008177757263183594
8 0.00011336803436279297
8 3.516674041748047e-05
- 0.0002543926239013672
3 0.00025963783264160156
5 0.00016391277313232422
3 4.7087669372558594e-05
- 4.971027374267578e-05
1 0.0001747608184814453
2 0.00011014938354492188
9 0.00011360645294189453
9 0.00020682811737060547
▁ 0.0229339599609375
8 0.0008339881896972656
8 0.00011646747589111328
8 3.445148468017578e-05
- 0.00023853778839111328
3 0.0002732276916503906
5 0.00017559528350830078
3 4.947185516357422e-05
- 4.8160552978515625e-05
1 0.0001850128173828125
2 0.00011491775512695312
9 0.00011718273162841797
9 0.0002124309539794922
▁ 0.0220794677734375
8 0.0008726119995117188
8 0.00011599063873291016
8 3.3020973205566406e-05
- 0.00022792816162109375
3 0.00027489662170410156
5 0.00017154216766357422
3 4.9591064453125e-05
- 4.696846008300781e-05
1 0.00018835067749023438
2 0.00011372566223144531
9 0.00012052059173583984
9 0.00021636486053466797
▁ 0.0215301513671875
8 0.0008530616760253906
8 0.00011718273162841797
8 3.2901763916015625e-05
- 0.00022721290588378906
3 0.0002818107604980469
5 0.00018084049224853516
3 5.459785461425781e-05
- 4.6253204345703125e-05
1 0.00020456314086914062
2 0.00011801719665527344
9 0.0001220703125
9 0.00021374225616455078
▁ 0.020721435546875
8 0.0008320808410644531
8 0.00011861324310302734
8 3.325939178466797e-05
- 0.00021719932556152344
3 0.0002827644348144531
5 0.0001804828643798828
3 5.4717063903808594e-05
- 4.6253204345703125e-05
1 0.0002079010009765625
2 0.00012314319610595703
9 0.0001266002655029297
9 0.00022161006927490234
▁ 0.020355224609375
8 0.0008187294006347656
8 0.0001251697540283203
8 3.337860107421875e-05
- 0.00021564960479736328
3 0.0002944469451904297
5 0.00017726421356201172
3 5.435943603515625e-05
- 4.6133995056152344e-05
1 0.00020611286163330078
2 0.00011909008026123047
9 0.00012862682342529297
9 0.00021755695343017578
▁ 0.0213775634765625
8 0.0008044242858886719
8 0.00011992454528808594
8 3.2782554626464844e-05
- 0.0002086162567138672
3 0.0002815723419189453
5 0.00017690658569335938
3 5.245208740234375e-05
- 4.673004150390625e-05
1 0.00020122528076171875
2 0.00012111663818359375
9 0.0001323223114013672
9 0.0002200603485107422
▁ 0.0221405029296875
8 0.0008306503295898438
8 0.00011944770812988281
8 3.123283386230469e-05
- 0.00020456314086914062
3 0.00027942657470703125
5 0.00017726421356201172
3 5.1140785217285156e-05
- 4.6133995056152344e-05
1 0.00020253658294677734
2 0.00012183189392089844
9 0.00013506412506103516
9 0.00022876262664794922
▁ 0.021392822265625
8 0.0008182525634765625
8 0.00011515617370605469
8 2.9802322387695312e-05
- 0.00019741058349609375
3 0.00026106834411621094
5 0.00016629695892333984
3 4.935264587402344e-05
- 4.6133995056152344e-05
1 0.00020051002502441406
2 0.0001227855682373047
9 0.0001322031021118164
9 0.00022280216217041016
▁ 0.0202789306640625
8 0.0007982254028320312
8 0.00010788440704345703
8 2.753734588623047e-05
- 0.00019752979278564453
3 0.0002582073211669922
5 0.00016701221466064453
3 5.0902366638183594e-05
- 4.6253204345703125e-05
1 0.00020563602447509766
2 0.00012040138244628906
9 0.00013339519500732422
9 0.00022411346435546875
▁ 0.0201263427734375
8 0.0007781982421875
8 0.00010645389556884766
8 2.8014183044433594e-05
- 0.00018990039825439453
3 0.0002484321594238281
5 0.00015926361083984375
3 5.0902366638183594e-05
- 4.6253204345703125e-05
1 0.00021004676818847656
2 0.00012540817260742188
9 0.00013113021850585938
9 0.00022149085998535156
▁ 0.019683837890625
8 0.0007843971252441406
8 0.00010752677917480469
8 2.8133392333984375e-05
- 0.00018513202667236328
3 0.0002682209014892578
5 0.00015783309936523438
3 4.947185516357422e-05
- 4.470348358154297e-05
1 0.00021767616271972656
2 0.0001233816146850586
9 0.00013363361358642578
9 0.00022017955780029297
▁ 0.0183563232421875
8 0.0007190704345703125
8 0.00010228157043457031
8 2.7894973754882812e-05
- 0.00017321109771728516
3 0.0002646446228027344
5 0.00015401840209960938
3 4.839897155761719e-05
- 4.3392181396484375e-05
1 0.00021147727966308594
2 0.000125885009765625
9 0.00013017654418945312
9 0.0002142190933227539
<0x0A> 4.94921875
She 5.94140625
▁whisper 9.171875
ed 0.00936126708984375
, 2.134765625
▁" 0.44775390625
I 1.25
' 1.4462890625
ve 2.4296875
▁lost 3.88671875
▁everything 3.076171875
, 1.9873046875
▁and 1.2109375
▁I 0.544921875
▁don 1.923828125
' 0.0006537437438964844
t 0.00048160552978515625
▁know 0.53662109375
▁how 1.7060546875
▁to 0.54443359375
▁get 1.1416015625
▁back 2.150390625
." 1.2470703125
<0x0A> 0.5673828125
With 6.4140625
out 1.65625
▁hes 2.08984375
itation 0.119873046875
, 0.055511474609375
▁I 0.61376953125
▁sat 5.9765625
▁beside 3.154296875
▁her 0.079833984375
▁on 1.7705078125
▁the 0.1207275390625
▁worn 8.9609375
- 2.640625
out 0.19873046875
▁c 1.1318359375
ouch 0.01003265380859375
, 1.669921875
▁letting 6.5703125
▁her 0.3505859375
▁gr 6.67578125
ief 1.0517578125
▁and 2.71484375
▁pain 1.7421875
▁consume 5.046875
▁the 5.8984375
▁space 2.1640625
▁between 1.1142578125
▁us 0.0584716796875
. 0.1751708984375
<0x0A> 0.98193359375
I 1.380859375
▁pulled 4.73828125
▁her 0.478515625
▁into 1.0498046875
▁a 3.111328125
▁comfort 5.546875
ing 0.0099945068359375
▁em 0.59521484375
brace 6.651878356933594e-05
, 0.8837890625
▁saying 4.81640625
▁" 4.27734375
when 9.3984375
▁you 1.2978515625
▁can 4.47265625
' 1.10546875
t 0.0003566741943359375
▁look 5.98046875
▁on 5.10546875
▁the 0.65869140625
▁bright 0.20849609375
▁side 0.00786590576171875
, 0.767578125
▁I 2.1484375
▁will 2.75
▁sit 6.53515625
▁with 1.2412109375
▁you 0.04132080078125
▁in 3.232421875
▁the 0.8837890625
▁dark 0.349853515625
." 0.66943359375
<0x0A> 0.2081298828125
Days 9.59375
▁turned 2.00390625
▁into 0.2449951171875
▁weeks 0.178955078125
, 0.6904296875
▁and 0.54296875
▁weeks 1.2802734375
▁turned 0.81201171875
▁into 0.00904083251953125
▁months 0.1156005859375
. 0.61474609375
▁I 2.01171875
▁became 4.3828125
▁Emma 10.890625
' 0.12091064453125
s 0.0008096694946289062
▁constant 2.943359375
▁companion 0.266845703125
▁throughout 5.9765625
▁her 1.1630859375
▁journey 1.990234375
▁of 2.1796875
▁self 3.451171875
- 0.0694580078125
dis 0.286376953125
cover 0.0007534027099609375
y 0.0009636878967285156
. 0.5830078125
▁We 3.271484375
▁del 7.50390625
ved 0.01044464111328125
▁into 0.479736328125
▁the 1.078125
▁depth 2.19921875
s 0.05511474609375
▁of 0.0196380615234375
▁her 0.736328125
▁sorrow 4.52734375
, 0.80078125
▁un 5.41796875
ra 1.7529296875
vel 0.1072998046875
ing 0.00641632080078125
▁the 0.8564453125
▁tang 3.6171875
led 0.04144287109375
▁thoughts 6.3359375
▁that 1.6318359375
▁consum 4.16796875
ed 0.000217437744140625
▁her 0.063720703125
. 1.6875
▁I 2.1015625
▁listened 2.408203125
▁without 4.703125
▁judgment 0.6533203125
, 0.66064453125
▁allowing 3.279296875
▁her 0.27978515625
▁to 0.274169921875
▁release 4.02734375
▁her 0.6708984375
▁fear 4.015625
s 0.1361083984375
▁and 0.60986328125
▁inse 2.9453125
cur 9.40561294555664e-05
ities 0.0002892017364501953
. 0.7763671875
▁T 4.109375
ogether 0.09814453125
, 0.28369140625
▁we 0.0914306640625
▁disse 6.01171875
cted 0.0002143383026123047
▁her 1.11328125
▁fail 6.140625
ures 0.08697509765625
, 0.92041015625
▁searching 5.02734375
▁for 0.06964111328125
▁the 0.67724609375
▁valuable 7.4296875
▁less 0.19873046875
ons 0.04052734375
▁hidden 3.548828125
▁within 0.966796875
▁the 1.55078125
▁pain 2.310546875
. 0.67529296875
<0x0A> 0.619140625
As 2.892578125
▁time 2.30859375
▁passed 0.466064453125
, 0.1046142578125
▁Emma 1.5537109375
' 1.2294921875
s 0.0003762245178222656
▁g 6.60546875
list 6.21484375
ening 0.001110076904296875
▁eyes 0.83837890625
▁began 2.5
▁to 0.035186767578125
▁reg 6.40234375
ain 0.0286102294921875
▁their 0.266357421875
▁spark 2.24609375
le 0.09552001953125
. 0.43505859375
▁She 1.2578125
▁discovered 4.8828125
▁her 2.056640625
▁strength 2.732421875
▁lay 9.1953125
▁not 1.974609375
▁in 0.1712646484375
▁pret 8.046875
ending 0.12054443359375
▁to 0.45361328125
▁be 0.0740966796875
▁un 6.41796875
break 2.9453125
able 0.001007080078125
, 0.158447265625
▁but 0.0423583984375
▁in 0.2274169921875
▁accepting 2.806640625
▁her 1.0849609375
▁vulner 2.291015625
ability 0.57421875
. 0.79443359375
▁She 0.94775390625
▁learned 1.91796875
▁that 1.1904296875
▁it 3.09375
▁was 0.77685546875
▁okay 0.66259765625
▁to 0.06719970703125
▁lean 4.79296875
▁on 0.2042236328125
▁others 0.69384765625
▁when 3.1171875
▁darkness 9.359375
▁threatened 2.005859375
▁to 0.104736328125
▁eng 2.857421875
ulf 0.0005636215209960938
▁her 0.06597900390625
. 0.340087890625
<0x0A> 1.7255859375
One 3.728515625
▁evening 3.197265625
, 0.1461181640625
▁a 4.3359375
▁fier 7.12109375
y 1.0205078125
▁sun 2.6484375
set 0.5009765625
▁painted 4.109375
▁the 0.2353515625
▁sky 0.662109375
▁with 1.6796875
▁h 3.73828125
ues 0.00765228271484375
▁of 0.074462890625
▁crim 2.685546875
son 1.1444091796875e-05
▁and 0.65185546875
▁gold 1.1123046875
. 0.381103515625
▁Emma 1.7109375
▁s 5.07421875
ighed 0.93212890625
▁content 3.7734375
edly 0.1331787109375
▁as 1.03125
▁she 0.470947265625
▁lean 3.423828125
ed 8.273124694824219e-05
▁against 1.1025390625
▁me 1.4326171875
. 1.4794921875
<0x0A> 1.484375
" 0.394287109375
Thank 2.669921875
▁you 0.033233642578125
▁for 0.880859375
▁sitting 3.2265625
▁with 0.391845703125
▁me 0.004299163818359375
▁in 1.7099609375
▁the 0.0794677734375
▁dark 0.12030029296875
," 0.77880859375
▁she 0.1654052734375
▁whisper 0.59765625
ed 0.00015115737915039062
▁sin 7.5234375
cer 0.0007901191711425781
ely 0.0009813308715820312
. 0.1343994140625
▁" 1.423828125
You 1.5439453125
▁gave 3.224609375
▁me 0.03582763671875
▁the 1.087890625
▁courage 1.224609375
▁to 0.07208251953125
▁face 1.7421875
▁my 0.379638671875
▁dem 2.703125
ons 0.0007653236389160156
▁and 1.90625
▁redis 5.4921875
cover 0.00015783309936523438
▁my 0.5732421875
▁light 2.03515625
." 0.095458984375
<0x0A> 0.01971435546875
A 3.896484375
▁te 3.759765625
ar 0.0167083740234375
▁wel 4.61328125
led 0.00023305416107177734
▁in 1.189453125
▁my 0.787109375
▁eye 0.267578125
, 1.6611328125
▁reflect 4.55078125
ing 0.0012483596801757812
▁the 0.51220703125
▁prof 7.6796875
ound 0.04541015625
▁bond 3.509765625
▁that 1.6552734375
▁had 1.34375
▁formed 1.4248046875
▁during 4.47265625
▁those 1.8349609375
▁tum 4.21875
ult 0.00013256072998046875
uous 0.0007643699645996094
▁months 0.8212890625
. 0.109130859375
▁We 3.66015625
▁walked 4.8359375
▁hand 1.6982421875
▁in 0.84521484375
▁hand 0.00164794921875
, 1.5029296875
▁no 6.3828125
▁longer 0.13916015625
▁afraid 2.41015625
▁of 1.0830078125
▁the 0.50244140625
▁sh 4.0390625
adows 0.00966644287109375
, 2.150390625
▁but 0.9228515625
▁grateful 4.58984375
▁for 0.357177734375
▁the 0.2197265625
▁less 5.77734375
ons 0.0286865234375
▁they 2.078125
▁taught 0.95068359375
▁us 0.521484375
. 0.127685546875
<0x0A> 0.240234375
Em 2.64453125
ma 0.007503509521484375
' 1.5205078125
s 0.000843048095703125
▁transformation 4.57421875
▁served 6.9921875
▁as 0.019256591796875
▁a 0.37451171875
▁constant 5.046875
▁rem 0.044158935546875
inder 0.0004782676696777344
▁that 1.056640625
▁there 3.34375
▁is 0.400146484375
▁strength 3.876953125
▁in 0.1214599609375
▁vulner 0.5966796875
ability 0.0021533966064453125
, 1.5712890625
▁love 4.12109375
▁in 0.10272216796875
▁darkness 4.15625
, 0.048065185546875
▁and 0.0963134765625
▁hope 1.255859375
▁in 0.10400390625
▁the 0.9814453125
▁depth 3.61328125
s 0.041534423828125
▁of 0.0081024169921875
▁desp 0.08062744140625
air 9.572505950927734e-05
. 0.0078125
▁We 3.421875
▁no 6.05859375
▁longer 0.001621246337890625
▁fe 2.4765625
ared 0.0016660690307617188
▁the 0.55615234375
▁unknown 1.8623046875
, 0.50537109375
▁for 2.669921875
▁we 0.483154296875
▁knew 1.8720703125
▁that 0.7421875
▁even 4.98828125
▁in 0.99658203125
▁life 7.359375
' 0.00946807861328125
s 0.0006341934204101562
▁dark 0.458251953125
est 0.038970947265625
▁moments 0.9599609375
, 0.04840087890625
▁we 1.6259765625
▁had 2.427734375
▁each 1.1689453125
▁other 0.005390167236328125
. 0.33447265625
▁And 4.03515625
▁that 1.896484375
, 2.376953125
▁in 1.7236328125
▁itself 3.65625
, 0.03375244140625
▁was 0.460693359375
▁the 1.7333984375
▁bright 3.685546875
est 0.142822265625
▁light 0.5283203125
▁of 0.8505859375
▁all 0.059051513671875
. 0.019195556640625
