▁Emma 10.421875
▁had 6.265625
▁always 3.60546875
▁been 1.0556640625
▁the 2.443359375
▁res 8.40625
il 0.475341796875
ient 0.0032634735107421875
▁one 0.448486328125
, 1.2958984375
▁the 0.64990234375
▁positive 5.61328125
▁ray 8.5
▁of 0.0269012451171875
▁sun 0.37548828125
sh 0.0450439453125
ine 0.00018596649169921875
▁in 1.15625
▁our 2.7734375
▁group 3.912109375
▁of 1.14453125
▁friends 0.315673828125
. 0.30859375
▁She 1.8623046875
▁had 2.013671875
▁an 3.619140625
▁un 1.791015625
c 0.70361328125
anny 0.0017375946044921875
▁ability 0.294677734375
▁to 0.032470703125
▁find 2.2265625
▁the 0.327392578125
▁silver 1.3583984375
▁l 0.071533203125
ining 5.805492401123047e-05
▁even 3.1328125
▁in 0.489501953125
▁the 0.1197509765625
▁dark 0.45947265625
est 0.004421234130859375
▁of 0.43701171875
▁times 1.3173828125
. 0.230712890625
▁So 3.6796875
▁when 0.5341796875
▁Emma 2.62109375
▁lost 4.78125
▁her 0.113037109375
▁job 2.88671875
, 0.97998046875
▁she 1.8984375
▁was 1.8154296875
▁dev 2.71484375
ast 0.0033130645751953125
ated 0.0038909912109375
. 0.54296875
▁Sud 8.375
den 0.006622314453125
ly 0.001377105712890625
, 0.152587890625
▁her 1.4462890625
▁confidence 5.55859375
▁sh 4.7109375
atter 0.0511474609375
ed 0.0009412765502929688
, 0.87890625
▁and 0.259033203125
▁she 0.323486328125
▁could 4.80859375
▁no 1.818359375
▁longer 0.0006966590881347656
▁see 0.55859375
▁the 0.54931640625
▁bright 1.9580078125
ness 4.39453125
▁she 4.7109375
▁once 1.2958984375
▁radi 3.57421875
ated 0.0002187490463256836
. 0.03814697265625
<0x0A> 0.73486328125
I 2.185546875
▁decided 4.875
▁to 0.10009765625
▁surprise 4.171875
▁her 0.79541015625
▁and 3.03125
▁find 6.24609375
▁ 6.61328125
8 4.14453125
8 3.927734375
8 3.29296875
- 2.88671875
3 3.146484375
5 2.466796875
3 1.8203125
- 0.0255126953125
1 2.244140625
2 2.46484375
9 2.75
9 1.0888671875
▁ 4.65625
8 1.248046875
8 0.109130859375
8 0.00577545166015625
- 0.050140380859375
3 0.06304931640625
5 0.0258026123046875
3 0.00539398193359375
- 0.0021877288818359375
1 0.0061187744140625
2 0.00982666015625
9 0.006008148193359375
9 0.01168060302734375
▁ 1.78125
8 0.15087890625
8 0.025482177734375
8 0.0017518997192382812
- 0.00696563720703125
3 0.02496337890625
5 0.01004791259765625
3 0.002826690673828125
- 0.0004582405090332031
1 0.0024166107177734375
2 0.00328826904296875
9 0.0018281936645507812
9 0.003749847412109375
▁ 0.70361328125
8 0.07696533203125
8 0.009857177734375
8 0.0009307861328125
- 0.002780914306640625
3 0.0104522705078125
5 0.002964019775390625
3 0.0007696151733398438
- 0.00024819374084472656
1 0.0009360313415527344
2 0.0011806488037109375
9 0.0007581710815429688
9 0.0012464523315429688
▁ 0.2841796875
8 0.0305328369140625
8 0.003780364990234375
8 0.0004169940948486328
- 0.001251220703125
3 0.0052947998046875
5 0.001117706298828125
3 0.0002846717834472656
- 0.0001627206802368164
1 0.00045299530029296875
2 0.0006103515625
9 0.00046634674072265625
9 0.0008254051208496094
▁ 0.1065673828125
8 0.013336181640625
8 0.0017108917236328125
8 0.0002522468566894531
- 0.0007071495056152344
3 0.0022068023681640625
5 0.00048065185546875
3 0.00012743473052978516
- 0.00010907649993896484
1 0.00025725364685058594
2 0.0003631114959716797
9 0.0002963542938232422
9 0.0006303787231445312
▁ 0.076416015625
8 0.0098114013671875
8 0.0013904571533203125
8 0.00021696090698242188
- 0.0005998611450195312
3 0.0017938613891601562
5 0.0003876686096191406
3 0.00010251998901367188
- 9.644031524658203e-05
1 0.00020432472229003906
2 0.0002903938293457031
9 0.0002493858337402344
9 0.0006542205810546875
▁ 0.070556640625
8 0.00907135009765625
8 0.0012292861938476562
8 0.00017452239990234375
- 0.0005016326904296875
3 0.0018510818481445312
5 0.0003669261932373047
3 9.262561798095703e-05
- 7.665157318115234e-05
1 0.0001863241195678711
2 0.0002923011779785156
9 0.0002570152282714844
9 0.0005869865417480469
▁ 0.06695556640625
8 0.00833892822265625
8 0.001064300537109375
8 0.00016963481903076172
- 0.00041413307189941406
3 0.0014028549194335938
5 0.00031638145446777344
3 7.724761962890625e-05
- 5.710124969482422e-05
1 0.00016057491302490234
2 0.0002589225769042969
9 0.0002294778823852539
9 0.000591278076171875
▁ 0.0687255859375
8 0.00843048095703125
8 0.0008835792541503906
8 0.00014150142669677734
- 0.0003314018249511719
3 0.0012712478637695312
5 0.0002524852752685547
3 6.783008575439453e-05
- 5.269050598144531e-05
1 0.00014257431030273438
2 0.0002522468566894531
9 0.0002130270004272461
9 0.0005130767822265625
▁ 0.0718994140625
8 0.009063720703125
8 0.0007891654968261719
8 0.0001245737075805664
- 0.000274658203125
3 0.0011758804321289062
5 0.00023674964904785156
3 5.7220458984375e-05
- 5.0067901611328125e-05
1 0.0001398324966430664
2 0.00023698806762695312
9 0.00020706653594970703
9 0.00044226646423339844
▁ 0.0732421875
8 0.00844573974609375
8 0.0008111000061035156
8 0.00012671947479248047
- 0.0002644062042236328
3 0.0012454986572265625
5 0.0002522468566894531
3 5.900859832763672e-05
- 5.054473876953125e-05
1 0.0001506805419921875
2 0.00022494792938232422
9 0.000194549560546875
9 0.00044608116149902344
▁ 0.064208984375
8 0.007053375244140625
8 0.0007958412170410156
8 0.00011026859283447266
- 0.0002627372741699219
3 0.001186370849609375
5 0.0002529621124267578
3 6.23464584350586e-05
- 4.76837158203125e-05
1 0.0001544952392578125
2 0.00023627281188964844
9 0.00021719932556152344
9 0.0003681182861328125
▁ 0.0499267578125
8 0.006195068359375
8 0.0007052421569824219
8 9.906291961669922e-05
- 0.00022017955780029297
3 0.0011157989501953125
5 0.00021004676818847656
3 5.4001808166503906e-05
- 3.9577484130859375e-05
1 0.00013506412506103516
2 0.0001895427703857422
9 0.00018465518951416016
9 0.0003159046173095703
▁ 0.042755126953125
8 0.006031036376953125
8 0.0005879402160644531
8 8.797645568847656e-05
- 0.0001837015151977539
3 0.0008759498596191406
5 0.00016760826110839844
3 4.5418739318847656e-05
- 3.1948089599609375e-05
1 0.00011396408081054688
2 0.00016200542449951172
9 0.00015807151794433594
9 0.0002446174621582031
▁ 0.038055419921875
8 0.006427764892578125
8 0.0005540847778320312
8 7.653236389160156e-05
- 0.00018870830535888672
3 0.0008282661437988281
5 0.00016367435455322266
3 4.1961669921875e-05
- 3.719329833984375e-05
1 0.00011444091796875
2 0.00016558170318603516
9 0.00015795230865478516
9 0.0002720355987548828
▁ 0.033233642578125
8 0.00594329833984375
8 0.0005564689636230469
8 7.617473602294922e-05
- 0.00017178058624267578
3 0.0008111000061035156
5 0.0001615285873413086
3 4.017353057861328e-05
- 3.1948089599609375e-05
1 0.00011527538299560547
2 0.00015628337860107422
9 0.00016069412231445312
9 0.0002627372741699219
▁ 0.034423828125
8 0.005229949951171875
8 0.0005598068237304688
8 8.022785186767578e-05
- 0.0001499652862548828
3 0.0007529258728027344
5 0.00013709068298339844
3 3.6716461181640625e-05
- 3.147125244140625e-05
1 0.00010371208190917969
2 0.00012993812561035156
9 0.00014519691467285156
9 0.0001817941665649414
▁ 0.032257080078125
8 0.004909515380859375
8 0.0005173683166503906
8 7.49826431274414e-05
- 0.00013566017150878906
3 0.0006551742553710938
5 0.00011432170867919922
3 3.230571746826172e-05
- 3.0159950256347656e-05
1 9.167194366455078e-05
2 0.00010132789611816406
9 0.0001323223114013672
9 0.0001653432846069336
▁ 0.03131103515625
8 0.004886627197265625
8 0.0005068778991699219
8 7.903575897216797e-05
- 0.00014126300811767578
3 0.0006780624389648438
5 0.00013017654418945312
3 3.552436828613281e-05
- 2.8371810913085938e-05
1 9.274482727050781e-05
2 7.843971252441406e-05
9 0.0001093149185180664
9 0.00012958049774169922
▁ 0.027984619140625
8 0.005054473876953125
8 0.0004982948303222656
8 7.736682891845703e-05
- 0.0001361370086669922
3 0.0006885528564453125
5 0.00014328956604003906
3 3.6597251892089844e-05
- 2.8967857360839844e-05
1 9.870529174804688e-05
2 9.334087371826172e-05
9 0.00012564659118652344
9 0.00010848045349121094
▁ 0.0263824462890625
8 0.00492095947265625
8 0.0004563331604003906
8 7.200241088867188e-05
- 0.0001380443572998047
3 0.000682830810546875
5 0.00013124942779541016
3 3.504753112792969e-05
- 2.8967857360839844e-05
1 9.739398956298828e-05
2 0.00012362003326416016
9 0.00011980533599853516
9 0.00010335445404052734
▁ 0.0287017822265625
8 0.00565338134765625
8 0.00044274330139160156
8 6.961822509765625e-05
- 0.00014138221740722656
3 0.0007009506225585938
5 0.0001239776611328125
3 3.3974647521972656e-05
- 2.9802322387695312e-05
1 9.78708267211914e-05
2 8.857250213623047e-05
9 0.00010716915130615234
9 0.00012111663818359375
▁ 0.02716064453125
8 0.004825592041015625
8 0.000400543212890625
8 6.008148193359375e-05
- 0.00013017654418945312
3 0.0006241798400878906
5 0.00010788440704345703
3 3.1828880310058594e-05
- 2.765655517578125e-05
1 9.143352508544922e-05
2 8.821487426757812e-05
9 9.59634780883789e-05
9 0.00012886524200439453
▁ 0.025604248046875
8 0.004222869873046875
8 0.0003821849822998047
8 5.5789947509765625e-05
- 0.00011932849884033203
3 0.0005679130554199219
5 0.0001074075698852539
3 2.753734588623047e-05
- 2.872943878173828e-05
1 9.000301361083984e-05
2 8.237361907958984e-05
9 9.715557098388672e-05
9 0.00017344951629638672
▁ 0.026458740234375
8 0.003871917724609375
8 0.0003752708435058594
8 4.947185516357422e-05
- 0.00011932849884033203
3 0.0005965232849121094
5 9.751319885253906e-05
3 2.6941299438476562e-05
- 2.7894973754882812e-05
1 9.28640365600586e-05
2 0.00010907649993896484
9 9.822845458984375e-05
9 0.00016057491302490234
▁ 0.0269927978515625
8 0.004222869873046875
8 0.0003571510314941406
8 5.161762237548828e-05
- 0.00011992454528808594
3 0.0006318092346191406
5 9.775161743164062e-05
3 2.8371810913085938e-05
- 2.9087066650390625e-05
1 9.715557098388672e-05
2 9.655952453613281e-05
9 9.334087371826172e-05
9 0.00021982192993164062
▁ 0.0243072509765625
8 0.004364013671875
8 0.00032973289489746094
8 4.756450653076172e-05
- 0.00012302398681640625
3 0.0005898475646972656
5 9.322166442871094e-05
3 2.5510787963867188e-05
- 2.9206275939941406e-05
1 9.66787338256836e-05
2 8.07046890258789e-05
9 8.976459503173828e-05
9 9.66787338256836e-05
▁ 0.0239410400390625
8 0.0038661956787109375
8 0.00032782554626464844
8 4.780292510986328e-05
- 0.00012814998626708984
3 0.0005950927734375
5 0.00010132789611816406
3 2.7179718017578125e-05
- 3.0159950256347656e-05
1 0.00010156631469726562
2 8.797645568847656e-05
9 0.00010097026824951172
9 8.96453857421875e-05
▁ 0.0224456787109375
8 0.00347900390625
8 0.0002956390380859375
8 4.8041343688964844e-05
- 0.0001264810562133789
3 0.0005955696105957031
5 0.00010192394256591797
3 2.8014183044433594e-05
- 3.123283386230469e-05
1 9.906291961669922e-05
2 7.724761962890625e-05
9 8.404254913330078e-05
9 9.465217590332031e-05
▁ 0.021331787109375
8 0.0034770965576171875
8 0.00025200843811035156
8 4.684925079345703e-05
- 0.00011563301086425781
3 0.0005698204040527344
5 9.02414321899414e-05
3 2.491474151611328e-05
- 2.9206275939941406e-05
1 8.96453857421875e-05
2 5.424022674560547e-05
9 7.152557373046875e-05
9 9.453296661376953e-05
▁ 0.020660400390625
8 0.003345489501953125
8 0.00025725364685058594
8 4.6372413635253906e-05
- 0.00012254714965820312
3 0.0005941390991210938
5 9.703636169433594e-05
3 2.574920654296875e-05
- 3.230571746826172e-05
1 9.179115295410156e-05
2 4.947185516357422e-05
9 6.377696990966797e-05
9 8.285045623779297e-05
▁ 0.0212249755859375
8 0.003238677978515625
8 0.00027871131896972656
8 4.4345855712890625e-05
- 0.00012183189392089844
3 0.0005888938903808594
5 9.226799011230469e-05
3 2.7418136596679688e-05
- 3.123283386230469e-05
1 9.560585021972656e-05
2 5.53131103515625e-05
9 7.021427154541016e-05
9 8.666515350341797e-05
▁ 0.0212249755859375
8 0.002994537353515625
8 0.0002636909484863281
8 4.100799560546875e-05
- 0.00011456012725830078
3 0.00060272216796875
5 9.179115295410156e-05
3 2.8014183044433594e-05
- 3.063678741455078e-05
1 9.560585021972656e-05
2 7.95125961303711e-05
9 6.99758529663086e-05
9 9.250640869140625e-05
▁ 0.0209808349609375
8 0.003292083740234375
8 0.00023746490478515625
8 3.910064697265625e-05
- 0.00010526180267333984
3 0.000583648681640625
5 9.453296661376953e-05
3 2.7179718017578125e-05
- 2.9921531677246094e-05
1 9.012222290039062e-05
2 6.61611557006836e-05
9 6.031990051269531e-05
9 9.071826934814453e-05
▁ 0.01995849609375
8 0.0034084320068359375
8 0.00024771690368652344
8 4.172325134277344e-05
- 9.34600830078125e-05
3 0.000560760498046875
5 9.34600830078125e-05
3 2.7418136596679688e-05
- 2.6106834411621094e-05
1 9.191036224365234e-05
2 4.184246063232422e-05
9 6.175041198730469e-05
9 9.310245513916016e-05
▁ 0.0192413330078125
8 0.0036258697509765625
8 0.0002703666687011719
8 4.029273986816406e-05
- 8.952617645263672e-05
3 0.0005998611450195312
5 9.85860824584961e-05
3 2.5391578674316406e-05
- 2.658367156982422e-05
1 9.179115295410156e-05
2 5.042552947998047e-05
9 5.9485435485839844e-05
9 0.00010180473327636719
▁ 0.0183868408203125
8 0.00322723388671875
8 0.00028252601623535156
8 4.088878631591797e-05
- 8.940696716308594e-05
3 0.0005774497985839844
5 9.036064147949219e-05
3 2.3245811462402344e-05
- 2.1576881408691406e-05
1 8.475780487060547e-05
2 5.53131103515625e-05
9 5.0187110900878906e-05
9 0.00010502338409423828
▁ 0.0184783935546875
8 0.0033321380615234375
8 0.00026416778564453125
8 3.838539123535156e-05
- 8.559226989746094e-05
3 0.000553131103515625
5 8.404254913330078e-05
3 2.2411346435546875e-05
- 2.181529998779297e-05
1 8.130073547363281e-05
2 5.447864532470703e-05
9 4.4465065002441406e-05
9 0.00010406970977783203
▁ 0.017242431640625
8 0.0034465789794921875
8 0.000247955322265625
8 3.4689903259277344e-05
- 8.153915405273438e-05
3 0.0005412101745605469
5 7.069110870361328e-05
3 2.0503997802734375e-05
- 2.1576881408691406e-05
1 7.963180541992188e-05
2 5.4001808166503906e-05
9 4.267692565917969e-05
9 0.00011038780212402344
▁ 0.0179443359375
8 0.0032806396484375
8 0.0002570152282714844
8 3.8504600524902344e-05
- 8.749961853027344e-05
3 0.0005645751953125
5 7.30752944946289e-05
3 2.1457672119140625e-05
- 2.3245811462402344e-05
1 8.285045623779297e-05
2 4.9233436584472656e-05
9 4.184246063232422e-05
9 9.715557098388672e-05
▁ 0.017242431640625
8 0.00311279296875
8 0.0002727508544921875
8 3.8504600524902344e-05
- 9.131431579589844e-05
3 0.0005817413330078125
5 7.593631744384766e-05
3 2.110004425048828e-05
- 2.1576881408691406e-05
1 8.571147918701172e-05
2 5.9485435485839844e-05
9 4.2557716369628906e-05
9 9.78708267211914e-05
▁ 0.0169677734375
8 0.00286102294921875
8 0.0002486705780029297
8 3.647804260253906e-05
- 7.998943328857422e-05
3 0.0005993843078613281
5 7.319450378417969e-05
3 2.0265579223632812e-05
- 2.1696090698242188e-05
1 8.296966552734375e-05
2 6.103515625e-05
9 4.00543212890625e-05
9 8.857250213623047e-05
▁ 0.0164794921875
8 0.0028476715087890625
8 0.0002288818359375
8 3.159046173095703e-05
- 7.43865966796875e-05
3 0.0005245208740234375
5 6.628036499023438e-05
3 1.7404556274414062e-05
- 1.990795135498047e-05
1 7.68899917602539e-05
2 5.1975250244140625e-05
9 3.600120544433594e-05
9 9.40561294555664e-05
▁ 0.0161590576171875
8 0.0026683807373046875
8 0.0002162456512451172
8 2.7418136596679688e-05
- 7.152557373046875e-05
3 0.0005021095275878906
5 5.638599395751953e-05
3 1.52587890625e-05
- 1.800060272216797e-05
1 7.319450378417969e-05
2 4.3511390686035156e-05
9 3.3020973205566406e-05
9 8.046627044677734e-05
▁ 0.0151519775390625
8 0.0025768280029296875
8 0.00020945072174072266
8 2.682209014892578e-05
- 7.009506225585938e-05
3 0.00054931640625
5 6.0677528381347656e-05
3 1.5735626220703125e-05
- 1.7762184143066406e-05
1 7.390975952148438e-05
2 5.7220458984375e-05
9 3.3736228942871094e-05
9 8.130073547363281e-05
▁ 0.0154266357421875
8 0.0026454925537109375
8 0.00022745132446289062
8 3.0875205993652344e-05
- 7.402896881103516e-05
3 0.000518798828125
5 5.745887756347656e-05
3 1.52587890625e-05
- 1.7523765563964844e-05
1 7.522106170654297e-05
2 5.221366882324219e-05
9 3.445148468017578e-05
9 8.428096771240234e-05
▁ 0.01611328125
8 0.002811431884765625
8 0.0002219676971435547
8 2.956390380859375e-05
- 7.903575897216797e-05
3 0.0005035400390625
5 5.412101745605469e-05
3 1.5616416931152344e-05
- 1.9669532775878906e-05
1 7.390975952148438e-05
2 4.875659942626953e-05
9 3.135204315185547e-05
9 8.785724639892578e-05
▁ 0.0157012939453125
8 0.0029506683349609375
8 0.00020265579223632812
8 2.849102020263672e-05
- 7.998943328857422e-05
3 0.0005154609680175781
5 5.8650970458984375e-05
3 1.5497207641601562e-05
- 2.09808349609375e-05
1 7.450580596923828e-05
2 4.780292510986328e-05
9 3.0994415283203125e-05
9 7.95125961303711e-05
▁ 0.0144805908203125
8 0.002582550048828125
8 0.0002092123031616211
8 2.9206275939941406e-05
- 8.404254913330078e-05
3 0.0005254745483398438
5 6.67572021484375e-05
3 1.7762184143066406e-05
- 2.205371856689453e-05
1 8.082389831542969e-05
2 4.506111145019531e-05
9 3.325939178466797e-05
9 8.678436279296875e-05
▁ 0.01393890380859375
8 0.0026454925537109375
8 0.00022912025451660156
8 2.944469451904297e-05
- 8.738040924072266e-05
3 0.0006089210510253906
5 7.653236389160156e-05
3 2.0265579223632812e-05
- 2.574920654296875e-05
1 9.262561798095703e-05
2 4.8995018005371094e-05
9 3.62396240234375e-05
9 9.572505950927734e-05
<0x0A> 5.73046875
" 3.90234375
I 1.3720703125
' 1.3134765625
ve 1.90234375
▁lost 2.248046875
▁everything 1.798828125
," 0.974609375
▁she 0.2489013671875
▁whisper 3.1328125
ed 0.00032782554626464844
, 1.1494140625
▁her 0.94091796875
▁voice 0.63720703125
▁bare 3.2890625
ly 0.00017499923706054688
▁aud 0.278564453125
ible 0.00018453598022460938
, 4.1484375
▁her 1.7724609375
▁eyes 0.7978515625
▁filled 1.8447265625
▁with 0.004558563232421875
▁tears 0.303955078125
. 0.052276611328125
▁" 1.2509765625
I 0.421630859375
' 1.09375
m 0.57861328125
▁not 1.88671875
▁who 5.75
▁I 0.0033016204833984375
▁used 0.26806640625
▁to 0.0007100105285644531
▁be 0.000675201416015625
, 2.212890625
▁and 0.092529296875
▁I 0.08148193359375
▁don 0.1397705078125
' 0.00368499755859375
t 0.00020062923431396484
▁know 0.052947998046875
▁how 0.68603515625
▁to 0.053009033203125
▁find 2.5859375
▁my 1.2451171875
▁way 0.0060272216796875
▁back 0.054107666015625
." 0.134765625
<0x0A> 0.1004638671875
With 4.9375
out 0.86865234375
▁hes 1.6474609375
itation 0.0838623046875
, 0.00844573974609375
▁I 0.050628662109375
▁sat 4.85546875
▁beside 1.818359375
▁her 0.026031494140625
▁on 2.33984375
▁the 0.08734130859375
▁worn 6.625
- 1.4921875
out 0.092041015625
▁c 0.47314453125
ouch 0.0022029876708984375
, 1.9873046875
▁letting 6.2109375
▁her 0.375732421875
▁gr 6.0078125
ief 0.15869140625
▁and 2.9609375
▁pain 1.353515625
▁consume 3.447265625
▁the 4.49609375
▁space 1.1171875
▁between 0.14501953125
▁us 0.005443572998046875
. 0.08697509765625
▁I 0.95849609375
▁gaz 7.84375
ed 0.00206756591796875
▁into 0.65185546875
▁her 0.06866455078125
▁eyes 0.79248046875
, 0.41162109375
▁par 11.53125
al 0.263671875
yz 0.01983642578125
ed 0.003963470458984375
▁with 3.541015625
▁the 2.04296875
▁real 2.7734375
ization 0.002017974853515625
▁that 0.32470703125
▁even 5.07421875
▁the 2.529296875
▁strong 1.099609375
est 0.0222320556640625
▁people 2.064453125
▁have 3.45703125
▁their 0.72607421875
▁breaking 0.330078125
▁points 0.72119140625
. 0.169921875
▁I 2.224609375
▁knew 1.9384765625
▁that 1.4306640625
▁it 3.736328125
▁was 0.43212890625
▁my 1.154296875
▁turn 0.9970703125
▁to 0.0148162841796875
▁be 0.60009765625
▁her 3.017578125
▁pill 3.677734375
ar 0.0209197998046875
▁of 0.1448974609375
▁support 1.6962890625
. 1.6123046875
<0x0A> 0.453125
I 1.875
▁pulled 4.4140625
▁her 0.3447265625
▁into 0.84814453125
▁a 0.57080078125
▁comfort 4.0703125
ing 0.0004601478576660156
▁em 0.63037109375
brace 1.5735626220703125e-05
, 0.4638671875
▁saying 6.734375
▁" 3.720703125
when 8.7421875
▁you 1.2744140625
▁can 3.458984375
' 0.1630859375
t 2.562999725341797e-05
▁look 6.28125
▁on 1.6875
▁the 0.007244110107421875
▁bright 0.0987548828125
▁side 0.004573822021484375
, 0.207275390625
▁I 0.87353515625
▁will 1.123046875
▁sit 6.84765625
▁with 0.499755859375
▁you 0.0086212158203125
▁in 0.150390625
▁the 0.15380859375
▁dark 0.623046875
." 0.9345703125
<0x0A> 0.548828125
Days 6.76953125
▁turned 1.3193359375
▁into 0.129638671875
▁weeks 0.08306884765625
, 0.3388671875
▁and 0.12261962890625
▁weeks 1.693359375
▁turned 0.50341796875
▁into 0.01525115966796875
▁months 0.0171661376953125
. 0.513671875
▁I 3.0859375
▁became 2.20703125
▁Emma 0.77490234375
' 0.01983642578125
s 0.00015783309936523438
▁constant 2.728515625
▁companion 0.73583984375
▁throughout 6.01171875
▁her 0.2025146484375
▁journey 1.1201171875
▁of 0.6240234375
▁self 0.52978515625
- 0.0013628005981445312
dis 0.05889892578125
cover 4.029273986816406e-05
y 0.00015091896057128906
. 0.63134765625
▁We 1.6591796875
▁del 6.91796875
ved 0.000843048095703125
▁into 0.41845703125
▁the 1.5615234375
▁depth 0.8984375
s 0.0024356842041015625
▁of 0.0029239654541015625
▁her 0.43798828125
▁sorrow 4.71875
, 0.521484375
▁un 2.646484375
ra 2.34375
vel 0.01922607421875
ing 0.0022830963134765625
▁the 0.424560546875
▁tang 3.1171875
led 0.00916290283203125
▁thoughts 4.74609375
▁that 0.63330078125
▁consum 4.79296875
ed 6.0677528381347656e-05
▁her 0.00408172607421875
. 0.75537109375
▁I 1.990234375
▁listened 1.5693359375
▁without 2.666015625
▁judgment 0.4130859375
, 0.329833984375
▁allowing 1.8896484375
▁her 0.04974365234375
▁to 0.053955078125
▁release 3.771484375
▁her 0.6494140625
▁fear 2.603515625
s 0.08197021484375
▁and 0.23779296875
▁inse 1.525390625
cur 6.079673767089844e-06
ities 5.4836273193359375e-06
. 0.7333984375
▁T 3.7109375
ogether 0.0034999847412109375
, 0.0296630859375
▁we 0.002864837646484375
▁disse 9.140625
cted 0.0006566047668457031
▁her 0.89599609375
▁fail 3.515625
ures 0.0267486572265625
, 0.9189453125
▁searching 4.34765625
▁for 0.0018711090087890625
▁the 0.43310546875
▁valuable 6.33984375
▁less 0.0511474609375
ons 0.00823974609375
▁hidden 2.5546875
▁within 0.4873046875
▁the 3.06640625
▁pain 2.091796875
. 0.039794921875
<0x0A> 0.1622314453125
As 1.49609375
▁time 1.4619140625
▁passed 0.1417236328125
, 0.0209808349609375
▁Emma 0.8173828125
' 1.26171875
s 8.654594421386719e-05
▁g 4.1015625
list 4.54296875
ening 0.0022182464599609375
▁eyes 0.71728515625
▁began 1.4658203125
▁to 0.003635406494140625
▁reg 3.501953125
ain 0.0010089874267578125
▁their 0.10760498046875
▁spark 1.30078125
le 0.273193359375
. 0.27587890625
▁She 0.9189453125
▁discovered 4.07421875
▁her 1.3720703125
▁strength 3.0
▁lay 7.265625
▁not 1.13671875
▁in 0.054351806640625
▁pret 5.6484375
ending 0.0128631591796875
▁to 0.7236328125
▁be 0.03912353515625
▁un 4.30859375
break 0.47802734375
able 0.00037097930908203125
, 0.47314453125
▁but 0.01029205322265625
▁in 0.219482421875
▁accepting 2.48046875
▁her 0.66943359375
▁vulner 0.55712890625
ability 0.375244140625
. 0.96630859375
▁She 0.68115234375
▁learned 1.201171875
▁that 0.94189453125
▁it 1.8203125
▁was 0.42041015625
▁okay 0.310546875
▁to 0.023162841796875
▁lean 4.8203125
▁on 0.0308074951171875
▁others 0.2626953125
▁when 1.591796875
▁darkness 6.7109375
▁threatened 1.529296875
▁to 0.0244598388671875
▁eng 2.126953125
ulf 0.00011229515075683594
▁her 0.016021728515625
. 0.1414794921875
<0x0A> 1.16796875
One 2.15625
▁evening 2.83984375
, 0.04669189453125
▁a 5.01171875
▁fier 7.828125
y 1.1142578125
▁sun 0.57568359375
set 0.033172607421875
▁painted 1.9296875
▁the 0.11822509765625
▁sky 0.2064208984375
▁with 1.3642578125
▁h 2.912109375
ues 0.00033473968505859375
▁of 0.00534820556640625
▁crim 2.921875
son 6.9141387939453125e-06
▁and 0.1920166015625
▁gold 0.4658203125
. 0.35009765625
▁Emma 1.1806640625
▁s 6.37109375
ighed 0.501953125
▁content 2.291015625
edly 0.0014181137084960938
▁as 0.78857421875
▁she 0.472900390625
▁lean 4.96875
ed 4.4345855712890625e-05
▁against 0.310546875
▁me 1.34375
. 2.08984375
<0x0A> 2.32421875
" 0.1810302734375
Thank 3.029296875
▁you 0.002597808837890625
▁for 1.21484375
▁sitting 2.361328125
▁with 0.11865234375
▁me 0.00035309791564941406
▁in 0.17822265625
▁the 0.01413726806640625
▁dark 0.0718994140625
," 0.1845703125
▁she 0.0162506103515625
▁whisper 0.494873046875
ed 3.2901763916015625e-05
▁sin 7.953125
cer 0.000507354736328125
ely 0.0005555152893066406
. 0.21826171875
▁" 0.55224609375
You 1.1484375
▁gave 3.134765625
▁me 0.006191253662109375
▁the 0.28466796875
▁courage 0.347900390625
▁to 0.055389404296875
▁face 1.390625
▁my 0.352294921875
▁dem 1.83984375
ons 0.0001957416534423828
▁and 0.70654296875
▁redis 4.296875
cover 1.2755393981933594e-05
▁my 0.9912109375
▁light 1.7109375
." 0.192138671875
<0x0A> 0.0452880859375
A 4.54296875
▁te 2.716796875
ar 0.010284423828125
▁wel 4.375
led 1.6808509826660156e-05
▁in 0.8310546875
▁my 0.326416015625
▁eye 0.03515625
, 1.3515625
▁reflect 3.83203125
ing 0.001617431640625
▁the 0.254638671875
▁prof 6.27734375
ound 0.0556640625
▁bond 4.26953125
▁that 1.6298828125
▁had 0.658203125
▁formed 0.50341796875
▁during 5.85546875
▁those 2.21875
▁tum 3.7265625
ult 5.984306335449219e-05
uous 0.0006623268127441406
▁months 0.66259765625
. 0.0242919921875
▁We 2.19140625
▁walked 4.3984375
▁hand 0.46044921875
▁in 0.7919921875
▁hand 0.00039768218994140625
, 0.9931640625
▁no 6.01953125
▁longer 0.0139007568359375
▁afraid 0.86669921875
▁of 0.1876220703125
▁the 0.142333984375
▁sh 1.625
adows 0.0008664131164550781
, 2.455078125
▁but 0.798828125
▁grateful 3.923828125
▁for 0.2467041015625
▁the 0.142333984375
▁less 1.2998046875
ons 0.00469970703125
▁they 0.35107421875
▁taught 1.087890625
▁us 0.26318359375
. 0.1875
<0x0A> 0.2010498046875
Em 2.546875
ma 0.01727294921875
' 1.19921875
s 0.00019848346710205078
▁transformation 2.998046875
▁served 4.3515625
▁as 0.006313323974609375
▁a 0.034210205078125
▁constant 4.78515625
▁rem 0.012908935546875
inder 3.0040740966796875e-05
▁that 0.438232421875
▁there 4.31640625
▁is 0.2469482421875
▁strength 3.908203125
▁in 0.037261962890625
▁vulner 0.1810302734375
ability 0.00036525726318359375
, 1.2177734375
▁love 6.4453125
▁in 0.0167999267578125
▁darkness 4.13671875
, 0.037628173828125
▁and 0.0036220550537109375
▁hope 0.53564453125
▁in 0.07354736328125
▁the 1.5078125
▁depth 2.99609375
s 0.0206451416015625
▁of 0.0038909912109375
▁desp 0.04827880859375
air 5.364418029785156e-06
. 0.0026760101318359375
▁We 2.4296875
▁no 5.9453125
▁longer 0.00017023086547851562
▁fe 1.2001953125
ared 0.0001704692840576172
▁the 0.10186767578125
▁unknown 1.5439453125
, 0.253173828125
▁for 2.607421875
▁we 0.21484375
▁knew 0.86376953125
▁that 0.178955078125
▁even 2.71484375
▁in 0.55712890625
▁life 5.5625
' 0.00527191162109375
s 5.924701690673828e-05
▁dark 0.253662109375
est 0.004665374755859375
▁moments 0.32568359375
, 0.0028247833251953125
▁we 1.158203125
▁had 2.076171875
▁each 0.5224609375
▁other 0.0006608963012695312
. 0.53564453125
▁And 4.5390625
▁that 0.9638671875
, 1.455078125
▁in 1.7939453125
▁itself 0.35693359375
, 0.0012292861938476562
▁was 0.07476806640625
▁the 2.69140625
▁bright 0.96923828125
est 0.09765625
▁light 0.268798828125
▁of 0.8974609375
▁all 0.0199737548828125
. 0.007354736328125
