▁Information 10.375
▁ 4.96875
8 3.90234375
8 3.232421875
8 1.9541015625
- 4.3515625
2 3.041015625
8 2.208984375
2 4.37890625
- 1.8828125
0 2.505859375
4 2.453125
7 2.03125
6 3.740234375
▁ 1.8662109375
8 0.5322265625
8 0.281005859375
8 0.08526611328125
- 0.2025146484375
2 0.2188720703125
8 0.024810791015625
2 0.07373046875
- 0.1312255859375
0 0.07080078125
4 0.0298309326171875
7 0.037872314453125
6 0.12451171875
▁ 0.720703125
8 0.032623291015625
8 0.009002685546875
8 0.005344390869140625
- 0.0287628173828125
2 0.01363372802734375
8 0.0016832351684570312
2 0.004238128662109375
- 0.038238525390625
0 0.004947662353515625
4 0.0028629302978515625
7 0.006809234619140625
6 0.0175018310546875
▁ 0.28076171875
8 0.015625
8 0.0037899017333984375
8 0.0024013519287109375
- 0.0161590576171875
2 0.00801849365234375
8 0.001125335693359375
2 0.0040283203125
- 0.01396942138671875
0 0.00344085693359375
4 0.004058837890625
7 0.006565093994140625
6 0.0179901123046875
▁ 0.246826171875
8 0.009033203125
8 0.0020885467529296875
8 0.0013275146484375
- 0.00991058349609375
2 0.00817108154296875
8 0.0008921623229980469
2 0.003787994384765625
- 0.0120697021484375
0 0.0028476715087890625
4 0.0036640167236328125
7 0.0056610107421875
6 0.01727294921875
▁ 0.1959228515625
8 0.007793426513671875
8 0.0018281936645507812
8 0.0011882781982421875
- 0.008636474609375
2 0.00801849365234375
8 0.0008072853088378906
2 0.003246307373046875
- 0.01015472412109375
0 0.0027008056640625
4 0.003490447998046875
7 0.00516510009765625
6 0.0148468017578125
▁ 0.152099609375
8 0.006656646728515625
8 0.0017747879028320312
8 0.0013475418090820312
- 0.00716400146484375
2 0.0068359375
8 0.0007104873657226562
2 0.002742767333984375
- 0.01445770263671875
0 0.00229644775390625
4 0.0032749176025390625
7 0.004581451416015625
6 0.0113067626953125
▁ 0.1268310546875
8 0.006500244140625
8 0.0018901824951171875
8 0.0014047622680664062
- 0.006725311279296875
2 0.007534027099609375
8 0.0006651878356933594
2 0.0024013519287109375
- 0.01500701904296875
0 0.0024127960205078125
4 0.003238677978515625
7 0.004756927490234375
6 0.01123809814453125
▁ 0.11517333984375
8 0.006450653076171875
8 0.0017671585083007812
8 0.0012006759643554688
- 0.005802154541015625
2 0.00661468505859375
8 0.0006108283996582031
2 0.0022525787353515625
- 0.014739990234375
0 0.0018863677978515625
4 0.0027904510498046875
7 0.00417327880859375
6 0.0099639892578125
▁ 0.1029052734375
8 0.005161285400390625
8 0.001613616943359375
8 0.0010223388671875
- 0.005359649658203125
2 0.006816864013671875
8 0.0006461143493652344
2 0.002277374267578125
- 0.01123809814453125
0 0.002094268798828125
4 0.00336456298828125
7 0.004302978515625
6 0.01021575927734375
▁ 0.08697509765625
8 0.0039825439453125
8 0.0014448165893554688
8 0.000888824462890625
- 0.0048828125
2 0.0054168701171875
8 0.0005254745483398438
2 0.002025604248046875
- 0.0084686279296875
0 0.0016326904296875
4 0.00266265869140625
7 0.00392913818359375
6 0.0088653564453125
▁ 0.077880859375
8 0.003528594970703125
8 0.0013866424560546875
8 0.0007576942443847656
- 0.00453948974609375
2 0.004680633544921875
8 0.0004458427429199219
2 0.0016689300537109375
- 0.00592041015625
0 0.0015668869018554688
4 0.0023956298828125
7 0.0034885406494140625
6 0.00786590576171875
▁ 0.0684814453125
8 0.0030345916748046875
8 0.0012969970703125
8 0.0007710456848144531
- 0.0041961669921875
2 0.004055023193359375
8 0.0004227161407470703
2 0.0016412734985351562
- 0.005680084228515625
0 0.0015230178833007812
4 0.002216339111328125
7 0.003314971923828125
6 0.0076446533203125
▁ 0.0595703125
8 0.002887725830078125
8 0.0012502670288085938
8 0.0007419586181640625
- 0.00360870361328125
2 0.003780364990234375
8 0.00038886070251464844
2 0.0014352798461914062
- 0.0052642822265625
0 0.0014543533325195312
4 0.00213623046875
7 0.0031490325927734375
6 0.006961822509765625
▁ 0.0531005859375
8 0.00264739990234375
8 0.00121307373046875
8 0.0007276535034179688
- 0.0038318634033203125
2 0.0037250518798828125
8 0.00039267539978027344
2 0.00128936767578125
- 0.0037326812744140625
0 0.0013284683227539062
4 0.001903533935546875
7 0.00286102294921875
6 0.006244659423828125
▁ 0.049896240234375
8 0.002445220947265625
8 0.0011339187622070312
8 0.0006318092346191406
- 0.003253936767578125
2 0.0033359527587890625
8 0.0003540515899658203
2 0.0011701583862304688
- 0.002655029296875
0 0.0012750625610351562
4 0.001621246337890625
7 0.0024738311767578125
6 0.005584716796875
▁ 0.045623779296875
8 0.0021877288818359375
8 0.0010776519775390625
8 0.0005965232849121094
- 0.002899169921875
2 0.003143310546875
8 0.0003256797790527344
2 0.0011234283447265625
- 0.001964569091796875
0 0.0011816024780273438
4 0.0013294219970703125
7 0.0022678375244140625
6 0.005130767822265625
▁ 0.041168212890625
8 0.0019397735595703125
8 0.0010633468627929688
8 0.0005564689636230469
- 0.0025844573974609375
2 0.002838134765625
8 0.0002982616424560547
2 0.0010623931884765625
- 0.001880645751953125
0 0.0011606216430664062
4 0.0012416839599609375
7 0.0022678375244140625
6 0.0048828125
▁ 0.038726806640625
8 0.0018777847290039062
8 0.0010786056518554688
8 0.0006222724914550781
- 0.00286102294921875
2 0.0027675628662109375
8 0.00026869773864746094
2 0.0010166168212890625
- 0.0022373199462890625
0 0.0010738372802734375
4 0.0012264251708984375
7 0.0023937225341796875
6 0.004749298095703125
▁ 0.0377197265625
8 0.0018491744995117188
8 0.0010557174682617188
8 0.0006260871887207031
- 0.002819061279296875
2 0.002559661865234375
8 0.0002770423889160156
2 0.0009608268737792969
- 0.0019664764404296875
0 0.0011959075927734375
4 0.0014448165893554688
7 0.0027370452880859375
6 0.0050506591796875
▁ 0.03680419921875
8 0.0017614364624023438
8 0.0010652542114257812
8 0.0005974769592285156
- 0.002681732177734375
2 0.0025768280029296875
8 0.00026297569274902344
2 0.00089263916015625
- 0.00191497802734375
0 0.00112152099609375
4 0.0013666152954101562
7 0.002559661865234375
6 0.0046234130859375
▁ 0.034698486328125
8 0.0018892288208007812
8 0.0010385513305664062
8 0.000537872314453125
- 0.0024585723876953125
2 0.00246429443359375
8 0.00025653839111328125
2 0.0009260177612304688
- 0.0016984939575195312
0 0.0010623931884765625
4 0.0012960433959960938
7 0.00254058837890625
6 0.00463104248046875
▁ 0.031982421875
8 0.0018825531005859375
8 0.0010881423950195312
8 0.0005035400390625
- 0.0024700164794921875
2 0.0025348663330078125
8 0.0002675056457519531
2 0.0010013580322265625
- 0.0019063949584960938
0 0.0010709762573242188
4 0.0012712478637695312
7 0.00250244140625
6 0.004543304443359375
▁ 0.032135009765625
8 0.0017919540405273438
8 0.001056671142578125
8 0.0004897117614746094
- 0.002384185791015625
2 0.0024051666259765625
8 0.00023663043975830078
2 0.0009593963623046875
- 0.001636505126953125
0 0.0010251998901367188
4 0.0011425018310546875
7 0.0022907257080078125
6 0.004573822021484375
▁ 0.033477783203125
8 0.0017633438110351562
8 0.0011005401611328125
8 0.0005626678466796875
- 0.00246429443359375
2 0.00229644775390625
8 0.0002193450927734375
2 0.0009713172912597656
- 0.0022487640380859375
0 0.0009593963623046875
4 0.0011301040649414062
7 0.0023212432861328125
6 0.00452423095703125
▁ 0.0328369140625
8 0.0016813278198242188
8 0.001087188720703125
8 0.000553131103515625
- 0.0024433135986328125
2 0.0021152496337890625
8 0.00021004676818847656
2 0.0007834434509277344
- 0.001743316650390625
0 0.0009593963623046875
4 0.001068115234375
7 0.0020961761474609375
6 0.004215240478515625
▁ 0.031402587890625
8 0.0016889572143554688
8 0.0010623931884765625
8 0.0005340576171875
- 0.002033233642578125
2 0.0018358230590820312
8 0.0001876354217529297
2 0.0007734298706054688
- 0.0013532638549804688
0 0.0008473396301269531
4 0.0008606910705566406
7 0.0019512176513671875
6 0.0037822723388671875
▁ 0.0293426513671875
8 0.0016393661499023438
8 0.0010271072387695312
8 0.00048613548278808594
- 0.0016841888427734375
2 0.0017957687377929688
8 0.00019109249114990234
2 0.0007443428039550781
- 0.0010356903076171875
0 0.0008058547973632812
4 0.0008535385131835938
7 0.001850128173828125
6 0.0035228729248046875
▁ 0.0265960693359375
8 0.0016536712646484375
8 0.0010404586791992188
8 0.0004439353942871094
- 0.001590728759765625
2 0.0017194747924804688
8 0.00018870830535888672
2 0.0007443428039550781
- 0.0010585784912109375
0 0.0008249282836914062
4 0.0008068084716796875
7 0.0018548965454101562
6 0.0034637451171875
▁ 0.0252532958984375
8 0.001712799072265625
8 0.0010519027709960938
8 0.00045228004455566406
- 0.001613616943359375
2 0.0016641616821289062
8 0.00016450881958007812
2 0.0006728172302246094
- 0.0009441375732421875
0 0.00074005126953125
4 0.0007200241088867188
7 0.0017147064208984375
6 0.003108978271484375
▁ 0.0244140625
8 0.001689910888671875
8 0.0010213851928710938
8 0.0005011558532714844
- 0.00164794921875
2 0.0015926361083984375
8 0.00016629695892333984
2 0.0007119178771972656
- 0.0010852813720703125
0 0.0007848739624023438
4 0.0007381439208984375
7 0.0018157958984375
6 0.0031681060791015625
▁ 0.023162841796875
8 0.0016393661499023438
8 0.001003265380859375
8 0.0005359649658203125
- 0.0015716552734375
2 0.001537322998046875
8 0.0001533031463623047
2 0.0006327629089355469
- 0.0011053085327148438
0 0.0007958412170410156
4 0.0007195472717285156
7 0.0017652511596679688
6 0.0030612945556640625
▁ 0.022125244140625
8 0.0016126632690429688
8 0.0009946823120117188
8 0.0005631446838378906
- 0.001766204833984375
2 0.0015783309936523438
8 0.00015020370483398438
2 0.0006747245788574219
- 0.001399993896484375
0 0.0007686614990234375
4 0.0007371902465820312
7 0.00196075439453125
6 0.003131866455078125
▁ 0.0220184326171875
8 0.0015430450439453125
8 0.000995635986328125
8 0.0005564689636230469
- 0.0017366409301757812
2 0.0015287399291992188
8 0.00015342235565185547
2 0.000637054443359375
- 0.0012636184692382812
0 0.0007843971252441406
4 0.0007452964782714844
7 0.00182342529296875
6 0.003032684326171875
▁ 0.0218353271484375
8 0.0015401840209960938
8 0.0009794235229492188
8 0.000518798828125
- 0.0014486312866210938
2 0.0014066696166992188
8 0.00015044212341308594
2 0.0006184577941894531
- 0.0010671615600585938
0 0.0007147789001464844
4 0.0006146430969238281
7 0.0015935897827148438
6 0.0028743743896484375
▁ 0.0213470458984375
8 0.0015125274658203125
8 0.000988006591796875
8 0.00047707557678222656
- 0.001354217529296875
2 0.0012874603271484375
8 0.00013649463653564453
2 0.0006031990051269531
- 0.0009565353393554688
0 0.0006375312805175781
4 0.0005574226379394531
7 0.0014677047729492188
6 0.0026264190673828125
▁ 0.0192108154296875
8 0.0014429092407226562
8 0.000980377197265625
8 0.00047659873962402344
- 0.0013570785522460938
2 0.0012521743774414062
8 0.0001360177993774414
2 0.0005931854248046875
- 0.0011758804321289062
0 0.0006694793701171875
4 0.0005278587341308594
7 0.001407623291015625
6 0.0025882720947265625
▁ 0.0185089111328125
8 0.0013952255249023438
8 0.0009641647338867188
8 0.0004954338073730469
- 0.0012941360473632812
2 0.0011491775512695312
8 0.00012481212615966797
2 0.0005688667297363281
- 0.0009703636169433594
0 0.0006623268127441406
4 0.0005040168762207031
7 0.0013561248779296875
6 0.00250244140625
▁ 0.0181884765625
8 0.0013475418090820312
8 0.0009784698486328125
8 0.0005207061767578125
- 0.0012664794921875
2 0.0011606216430664062
8 0.00012803077697753906
2 0.0005855560302734375
- 0.0009508132934570312
0 0.0006799697875976562
4 0.0005850791931152344
7 0.001468658447265625
6 0.002544403076171875
▁ 0.01751708984375
8 0.0013761520385742188
8 0.0009899139404296875
8 0.0005359649658203125
- 0.0012273788452148438
2 0.0010995864868164062
8 0.0001271963119506836
2 0.0005431175231933594
- 0.0007605552673339844
0 0.0007076263427734375
4 0.0005764961242675781
7 0.001361846923828125
6 0.00243377685546875
▁ 0.0169219970703125
8 0.0013580322265625
8 0.0009937286376953125
8 0.0005068778991699219
- 0.0011548995971679688
2 0.0010852813720703125
8 0.00011801719665527344
2 0.0005340576171875
- 0.0007109642028808594
0 0.0006251335144042969
4 0.0005221366882324219
7 0.0012693405151367188
6 0.0022258758544921875
▁ 0.01654052734375
8 0.0012826919555664062
8 0.0009741783142089844
8 0.0004906654357910156
- 0.0011348724365234375
2 0.00103759765625
8 0.00011527538299560547
2 0.0005288124084472656
- 0.0006089210510253906
0 0.0005993843078613281
4 0.0005130767822265625
7 0.0011920928955078125
6 0.0021266937255859375
▁ 0.016143798828125
8 0.0012369155883789062
8 0.000980377197265625
8 0.0004820823669433594
- 0.0010385513305664062
2 0.0009918212890625
8 0.00010561943054199219
2 0.0004987716674804688
- 0.0006203651428222656
0 0.0005807876586914062
4 0.00048470497131347656
7 0.0010585784912109375
6 0.0020122528076171875
▁ 0.0157623291015625
8 0.001194000244140625
8 0.0009851455688476562
8 0.0005178451538085938
- 0.001155853271484375
2 0.0009546279907226562
8 9.620189666748047e-05
2 0.00045490264892578125
- 0.0006060600280761719
0 0.0005173683166503906
4 0.0004742145538330078
7 0.0009760856628417969
6 0.0018949508666992188
▁ 0.01617431640625
8 0.0011138916015625
8 0.0009732246398925781
8 0.0005145072937011719
- 0.001129150390625
2 0.0008616447448730469
8 9.548664093017578e-05
2 0.0004429817199707031
- 0.0005712509155273438
0 0.0005283355712890625
4 0.0005059242248535156
7 0.0009751319885253906
6 0.0018243789672851562
▁ 0.0153350830078125
8 0.0010852813720703125
8 0.0009303092956542969
8 0.0004925727844238281
- 0.00096893310546875
2 0.000812530517578125
8 8.893013000488281e-05
2 0.0003902912139892578
- 0.000438690185546875
0 0.0005002021789550781
4 0.00043582916259765625
7 0.0008974075317382812
6 0.0017518997192382812
▁ 0.014434814453125
8 0.0010709762573242188
8 0.0009417533874511719
8 0.0004611015319824219
- 0.0008754730224609375
2 0.0007853507995605469
8 8.857250213623047e-05
2 0.00038170814514160156
- 0.00044798851013183594
0 0.0004467964172363281
4 0.00041031837463378906
7 0.0009469985961914062
6 0.001720428466796875
▁ 0.0139007568359375
8 0.00104522705078125
8 0.0009388923645019531
8 0.0004608631134033203
- 0.0009012222290039062
2 0.0007486343383789062
8 7.927417755126953e-05
2 0.00035309791564941406
- 0.0004343986511230469
0 0.00042510032653808594
4 0.0003674030303955078
7 0.0008697509765625
6 0.0015974044799804688
▁ 0.0135498046875
8 0.0010366439819335938
8 0.0009355545043945312
8 0.0004582405090332031
- 0.0008234977722167969
2 0.0007071495056152344
8 7.43865966796875e-05
2 0.0003514289855957031
- 0.0004334449768066406
0 0.0003962516784667969
4 0.0003159046173095703
7 0.000804901123046875
6 0.0015773773193359375
▁ 0.0129547119140625
8 0.0010118484497070312
8 0.0009589195251464844
8 0.0004813671112060547
- 0.00083160400390625
2 0.0006918907165527344
8 7.224082946777344e-05
2 0.0003535747528076172
- 0.0004696846008300781
0 0.00038933753967285156
4 0.0003273487091064453
7 0.0008130073547363281
6 0.00151824951171875
▁ 0.01202392578125
8 0.0010004043579101562
8 0.0009670257568359375
8 0.0005059242248535156
- 0.0008192062377929688
2 0.0006527900695800781
8 7.104873657226562e-05
2 0.0003514289855957031
- 0.0004341602325439453
0 0.0004203319549560547
4 0.0003254413604736328
7 0.0007729530334472656
6 0.0015459060668945312
▁ 0.01085662841796875
8 0.0009908676147460938
8 0.0010042190551757812
8 0.0005049705505371094
- 0.0007715225219726562
2 0.0006494522094726562
8 6.80685043334961e-05
2 0.0003447532653808594
- 0.00040650367736816406
0 0.00041985511779785156
4 0.0003285408020019531
7 0.0008020401000976562
6 0.0014972686767578125
▁ 0.0102996826171875
8 0.0009622573852539062
8 0.0010051727294921875
8 0.0005087852478027344
- 0.0007281303405761719
2 0.0006456375122070312
8 7.236003875732422e-05
2 0.0003521442413330078
- 0.00031065940856933594
0 0.00042819976806640625
4 0.0003578662872314453
7 0.0008139610290527344
6 0.0014848709106445312
▁ 0.010009765625
8 0.0009570121765136719
8 0.0010519027709960938
8 0.0005140304565429688
- 0.0006785392761230469
2 0.0006184577941894531
8 6.61611557006836e-05
2 0.0003333091735839844
- 0.0002722740173339844
0 0.00039386749267578125
4 0.00030612945556640625
7 0.0007243156433105469
6 0.0013799667358398438
▁ 0.0095672607421875
8 0.0009417533874511719
8 0.0010499954223632812
8 0.0005316734313964844
- 0.0006875991821289062
2 0.0006146430969238281
8 6.35385513305664e-05
2 0.0003147125244140625
- 0.0002760887145996094
0 0.0003695487976074219
4 0.0002830028533935547
7 0.0007424354553222656
6 0.0013065338134765625
▁ 0.00934600830078125
8 0.0008802413940429688
8 0.001056671142578125
8 0.0005578994750976562
- 0.0007162094116210938
2 0.0005998611450195312
8 6.008148193359375e-05
2 0.0003077983856201172
- 0.0002932548522949219
0 0.00036144256591796875
4 0.00026798248291015625
7 0.0007290840148925781
6 0.00128173828125
▁ 0.00936126708984375
8 0.0008425712585449219
8 0.0010461807250976562
8 0.0005850791931152344
- 0.0006670951843261719
2 0.0005745887756347656
8 5.638599395751953e-05
2 0.0003006458282470703
- 0.00028204917907714844
0 0.0003516674041748047
4 0.0002598762512207031
7 0.0006513595581054688
6 0.0012302398681640625
<0x0A> 6.015625
The 4.02734375
▁latest 5.58203125
▁processes 13.1015625
▁in 3.017578125
▁cultural 10.2265625
▁change 5.5234375
▁show 7.71484375
▁that 1.1982421875
▁both 6.49609375
▁sides 4.7109375
▁of 0.84814453125
▁the 0.40576171875
▁argument 4.09765625
▁have 2.18359375
▁reasonable 7.65625
▁grounds 3.1953125
. 1.4931640625
<0x0A> 1.07421875
However 5.21875
, 0.1031494140625
▁the 1.7119140625
▁other 6.0
▁side 0.287841796875
▁of 1.5087890625
▁the 0.045928955078125
▁argument 0.060028076171875
▁is 1.3544921875
▁more 3.435546875
▁comp 3.435546875
elling 0.005786895751953125
▁because 3.0546875
▁it 0.998046875
▁cons 6.10546875
iders 0.01453399658203125
▁the 0.91357421875
▁strength 6.71484375
s 1.0107421875
▁of 0.6796875
▁local 8.984375
▁cult 2.537109375
ures 0.0012731552124023438
. 1.42578125
▁In 3.640625
▁particular 3.255859375
, 0.08148193359375
▁an 5.7421875
▁example 5.05859375
▁of 0.8369140625
▁s 8.7265625
ush 7.20703125
i 0.01036834716796875
’ 24.65625
s 3.70703125
▁popular 10.328125
ity 0.640625
▁in 0.705078125
▁American 6.65625
▁society 3.298828125
▁and 3.37890625
▁cult 6.36328125
ures 0.09564208984375
▁of 4.0703125
▁other 2.890625
▁nations 1.779296875
▁demonstr 3.865234375
ates 0.00295257568359375
▁that 1.1806640625
▁people 3.994140625
▁adopt 7.21484375
▁new 2.357421875
▁cultural 2.1328125
▁phen 6.19140625
omena 0.008575439453125
▁with 2.98046875
▁acknowled 11.3359375
gment 1.236328125
▁of 0.7646484375
▁their 1.3388671875
▁origin 4.74609375
. 0.74365234375
▁According 6.08203125
▁to 0.329833984375
▁Best 10.3359375
or 5.83984375
▁( 0.68701171875
2 0.6904296875
0 0.003337860107421875
1 1.078125
0 1.7568359375
), 0.31787109375
▁“ 25.0
J 11.203125
apan 0.4248046875
▁remains 8.7421875
▁the 1.1806640625
▁world 2.8515625
’ 25.109375
s 1.5419921875
▁primary 7.42578125
▁market 3.68359375
▁for 0.1094970703125
▁fresh 4.4140625
▁t 4.91796875
una 0.029937744140625
▁for 4.94140625
▁s 1.005859375
ush 0.00933074951171875
i 0.00717926025390625
▁and 1.779296875
▁s 1.5654296875
ash 0.1845703125
imi 0.0184783935546875
” 25.5
▁( 7.67578125
p 2.5859375
. 0.037200927734375
▁ 0.1617431640625
1 1.1123046875
1 2.1328125
0 2.646484375
). 0.2288818359375
▁Thus 4.58984375
, 0.0182952880859375
▁having 8.09375
▁integrated 8.9296875
▁its 5.01171875
▁product 5.7265625
▁into 0.5380859375
▁the 1.1494140625
▁cult 6.1953125
ures 0.077880859375
▁of 0.1124267578125
▁other 0.83349609375
▁countries 2.10546875
, 1.388671875
▁Japan 0.73486328125
▁has 0.9521484375
▁expanded 6.6640625
▁its 0.18994140625
▁market 1.5830078125
▁share 1.546875
. 1.2744140625
<0x0A> 1.38671875
The 2.25390625
▁host 8.2578125
▁cult 4.61328125
ures 0.001758575439453125
▁know 7.62109375
▁the 1.7275390625
▁history 4.4140625
▁of 0.407958984375
▁the 0.86376953125
▁cultural 4.7421875
▁clusters 12.3671875
. 2.341796875
