▁There 5.83203125
▁is 1.626953125
▁ 4.87890625
8 5.4921875
8 3.501953125
8 3.9765625
- 4.2109375
3 2.79296875
4 2.255859375
9 2.173828125
- 0.0765380859375
8 2.330078125
8 0.40283203125
8 0.654296875
4 3.40625
▁ 4.69140625
8 0.916015625
8 0.169189453125
8 0.01264190673828125
- 0.1431884765625
3 0.095458984375
4 0.028778076171875
9 0.00849151611328125
- 0.0097503662109375
8 0.035614013671875
8 0.009246826171875
8 0.0066680908203125
4 0.1300048828125
▁ 2.123046875
8 0.143798828125
8 0.044647216796875
8 0.0026397705078125
- 0.055450439453125
3 0.049652099609375
4 0.022857666015625
9 0.007389068603515625
- 0.007080078125
8 0.020538330078125
8 0.00545501708984375
8 0.004405975341796875
4 0.044097900390625
▁ 0.6669921875
8 0.050323486328125
8 0.01245880126953125
8 0.0008959770202636719
- 0.01070404052734375
3 0.0195770263671875
4 0.007904052734375
9 0.002498626708984375
- 0.0018253326416015625
8 0.0064544677734375
8 0.0016660690307617188
8 0.0014886856079101562
4 0.01238250732421875
▁ 0.298095703125
8 0.0259552001953125
8 0.005481719970703125
8 0.0004394054412841797
- 0.00362396240234375
3 0.00916290283203125
4 0.0028476715087890625
9 0.0009417533874511719
- 0.0006937980651855469
8 0.0026493072509765625
8 0.0006794929504394531
8 0.00051116943359375
4 0.00347900390625
▁ 0.180419921875
8 0.01486968994140625
8 0.0029926300048828125
8 0.0002818107604980469
- 0.0019588470458984375
3 0.0050506591796875
4 0.0014085769653320312
9 0.00047779083251953125
- 0.00037860870361328125
8 0.0015201568603515625
8 0.0006303787231445312
8 0.0003058910369873047
4 0.0019817352294921875
▁ 0.1571044921875
8 0.01192474365234375
8 0.00213623046875
8 0.0002148151397705078
- 0.0015392303466796875
3 0.004047393798828125
4 0.001068115234375
9 0.00034928321838378906
- 0.000278472900390625
8 0.00124359130859375
8 0.0005860328674316406
8 0.0002219676971435547
4 0.0015001296997070312
▁ 0.12548828125
8 0.01052093505859375
8 0.00186920166015625
8 0.00017762184143066406
- 0.0011377334594726562
3 0.0036525726318359375
4 0.0009927749633789062
9 0.00029158592224121094
- 0.00019800662994384766
8 0.001049041748046875
8 0.00034427642822265625
8 0.00018036365509033203
4 0.0012617111206054688
▁ 0.10235595703125
8 0.009368896484375
8 0.0015707015991210938
8 0.0001609325408935547
- 0.0010080337524414062
3 0.0030536651611328125
4 0.000789642333984375
9 0.0002484321594238281
- 0.00015926361083984375
8 0.0008563995361328125
8 0.0002570152282714844
8 0.00013518333435058594
4 0.0010595321655273438
▁ 0.07891845703125
8 0.0079498291015625
8 0.0012807846069335938
8 0.0001367330551147461
- 0.0007243156433105469
3 0.00244140625
4 0.0006079673767089844
9 0.00020396709442138672
- 0.00012373924255371094
8 0.0006313323974609375
8 0.0002027750015258789
8 0.00010347366333007812
4 0.0008435249328613281
▁ 0.07391357421875
8 0.007572174072265625
8 0.001125335693359375
8 0.00010728836059570312
- 0.0005550384521484375
3 0.002109527587890625
4 0.0004968643188476562
9 0.0001672506332397461
- 9.274482727050781e-05
8 0.0005412101745605469
8 0.00012946128845214844
8 8.571147918701172e-05
4 0.000698089599609375
▁ 0.06927490234375
8 0.0072021484375
8 0.0010318756103515625
8 9.131431579589844e-05
- 0.0005178451538085938
3 0.0021686553955078125
4 0.0004811286926269531
9 0.00014960765838623047
- 7.593631744384766e-05
8 0.0005249977111816406
8 0.00011992454528808594
8 7.855892181396484e-05
4 0.0006756782531738281
▁ 0.0684814453125
8 0.0066680908203125
8 0.0009603500366210938
8 8.082389831542969e-05
- 0.0004646778106689453
3 0.0020236968994140625
4 0.0004355907440185547
9 0.0001367330551147461
- 6.783008575439453e-05
8 0.0005192756652832031
8 0.0001239776611328125
8 8.153915405273438e-05
4 0.0006465911865234375
▁ 0.06158447265625
8 0.00632476806640625
8 0.0008678436279296875
8 6.80685043334961e-05
- 0.00040030479431152344
3 0.0018968582153320312
4 0.00036215782165527344
9 0.00011432170867919922
- 6.0558319091796875e-05
8 0.00047016143798828125
8 0.00010573863983154297
8 6.783008575439453e-05
4 0.0005445480346679688
▁ 0.055572509765625
8 0.00528717041015625
8 0.0008006095886230469
8 6.449222564697266e-05
- 0.0003771781921386719
3 0.0015773773193359375
4 0.0003101825714111328
9 0.00010287761688232422
- 5.3763389587402344e-05
8 0.00042819976806640625
8 0.0001341104507446289
8 7.140636444091797e-05
4 0.0005784034729003906
▁ 0.052215576171875
8 0.00476837158203125
8 0.0006852149963378906
8 5.7697296142578125e-05
- 0.00034236907958984375
3 0.0014972686767578125
4 0.0002911090850830078
9 9.012222290039062e-05
- 4.7087669372558594e-05
8 0.0004029273986816406
8 0.0001285076141357422
8 6.711483001708984e-05
4 0.000530242919921875
▁ 0.048370361328125
8 0.004405975341796875
8 0.0006585121154785156
8 6.186962127685547e-05
- 0.0003180503845214844
3 0.0013818740844726562
4 0.0002703666687011719
9 8.308887481689453e-05
- 4.2319297790527344e-05
8 0.0003871917724609375
8 0.00010204315185546875
8 6.592273712158203e-05
4 0.00048732757568359375
▁ 0.04583740234375
8 0.004116058349609375
8 0.0005669593811035156
8 5.1975250244140625e-05
- 0.0002434253692626953
3 0.001117706298828125
4 0.00021851062774658203
9 6.866455078125e-05
- 3.421306610107422e-05
8 0.0003006458282470703
8 6.413459777832031e-05
8 4.482269287109375e-05
4 0.0004024505615234375
▁ 0.03973388671875
8 0.0037364959716796875
8 0.0005164146423339844
8 4.482269287109375e-05
- 0.0001995563507080078
3 0.0009655952453613281
4 0.00017845630645751953
9 5.733966827392578e-05
- 2.872943878173828e-05
8 0.00027561187744140625
8 5.936622619628906e-05
8 4.780292510986328e-05
4 0.00036597251892089844
▁ 0.034942626953125
8 0.00350189208984375
8 0.0004935264587402344
8 4.1365623474121094e-05
- 0.00018596649169921875
3 0.0009098052978515625
4 0.00016868114471435547
9 5.424022674560547e-05
- 2.574920654296875e-05
8 0.0002739429473876953
8 6.54458999633789e-05
8 4.5418739318847656e-05
4 0.00036716461181640625
▁ 0.033355712890625
8 0.0033817291259765625
8 0.0004658699035644531
8 3.790855407714844e-05
- 0.00018799304962158203
3 0.0009016990661621094
4 0.0001552104949951172
9 5.14984130859375e-05
- 2.4199485778808594e-05
8 0.0002818107604980469
8 5.6862831115722656e-05
8 4.1961669921875e-05
4 0.0003879070281982422
▁ 0.031707763671875
8 0.0031490325927734375
8 0.00041222572326660156
8 3.409385681152344e-05
- 0.0001672506332397461
3 0.0008187294006347656
4 0.00014150142669677734
9 4.6372413635253906e-05
- 2.276897430419922e-05
8 0.0002522468566894531
8 5.936622619628906e-05
8 4.076957702636719e-05
4 0.00034737586975097656
▁ 0.0302276611328125
8 0.0031147003173828125
8 0.00039076805114746094
8 3.0040740966796875e-05
- 0.00014972686767578125
3 0.0008034706115722656
4 0.0001322031021118164
9 4.291534423828125e-05
- 2.1696090698242188e-05
8 0.00023674964904785156
8 4.38690185546875e-05
8 3.1828880310058594e-05
4 0.0003190040588378906
▁ 0.0281524658203125
8 0.00267791748046875
8 0.00034546852111816406
8 2.9087066650390625e-05
- 0.00013387203216552734
3 0.0007967948913574219
4 0.00014030933380126953
9 4.279613494873047e-05
- 2.0742416381835938e-05
8 0.00022077560424804688
8 4.1604042053222656e-05
8 3.218650817871094e-05
4 0.00031757354736328125
▁ 0.0262603759765625
8 0.00249481201171875
8 0.0003142356872558594
8 2.7060508728027344e-05
- 0.0001232624053955078
3 0.000736236572265625
4 0.00012481212615966797
9 4.088878631591797e-05
- 1.919269561767578e-05
8 0.00022363662719726562
8 4.76837158203125e-05
8 3.7789344787597656e-05
4 0.0002956390380859375
▁ 0.025909423828125
8 0.0025119781494140625
8 0.00029206275939941406
8 2.4557113647460938e-05
- 0.00011110305786132812
3 0.0007076263427734375
4 0.00011551380157470703
9 3.743171691894531e-05
- 1.8715858459472656e-05
8 0.00022029876708984375
8 4.3392181396484375e-05
8 3.2782554626464844e-05
4 0.00024700164794921875
▁ 0.0245361328125
8 0.0024433135986328125
8 0.00026679039001464844
8 2.2530555725097656e-05
- 9.965896606445312e-05
3 0.0007009506225585938
4 0.00012028217315673828
9 3.695487976074219e-05
- 1.5854835510253906e-05
8 0.0002002716064453125
8 3.8743019104003906e-05
8 2.7060508728027344e-05
4 0.0002148151397705078
▁ 0.0227203369140625
8 0.00222015380859375
8 0.0002491474151611328
8 2.2172927856445312e-05
- 9.131431579589844e-05
3 0.00066375732421875
4 0.00010371208190917969
9 3.3020973205566406e-05
- 1.4066696166992188e-05
8 0.0001837015151977539
8 3.135204315185547e-05
8 2.300739288330078e-05
4 0.00020551681518554688
▁ 0.0221099853515625
8 0.0020961761474609375
8 0.0002589225769042969
8 2.193450927734375e-05
- 8.881092071533203e-05
3 0.0006041526794433594
4 0.00010144710540771484
9 3.337860107421875e-05
- 1.4066696166992188e-05
8 0.0001671314239501953
8 3.0517578125e-05
8 2.288818359375e-05
4 0.000209808349609375
▁ 0.02166748046875
8 0.0019931793212890625
8 0.00023794174194335938
8 1.9788742065429688e-05
- 8.26120376586914e-05
3 0.0005741119384765625
4 9.131431579589844e-05
9 2.8848648071289062e-05
- 1.3589859008789062e-05
8 0.0001569986343383789
8 3.0040740966796875e-05
8 2.1338462829589844e-05
4 0.00018298625946044922
▁ 0.02032470703125
8 0.00183868408203125
8 0.00022399425506591797
8 1.8715858459472656e-05
- 7.474422454833984e-05
3 0.0005359649658203125
4 8.177757263183594e-05
9 2.5987625122070312e-05
- 1.3232231140136719e-05
8 0.0001442432403564453
8 2.9802322387695312e-05
8 2.181529998779297e-05
4 0.00016367435455322266
▁ 0.0188140869140625
8 0.0017766952514648438
8 0.00020837783813476562
8 1.811981201171875e-05
- 7.200241088867188e-05
3 0.0005164146423339844
4 8.07046890258789e-05
9 2.5033950805664062e-05
- 1.2874603271484375e-05
8 0.0001430511474609375
8 3.0517578125e-05
8 2.2172927856445312e-05
4 0.00016760826110839844
▁ 0.0183563232421875
8 0.0016298294067382812
8 0.00020015239715576172
8 1.7404556274414062e-05
- 7.474422454833984e-05
3 0.0005383491516113281
4 8.106231689453125e-05
9 2.6106834411621094e-05
- 1.3828277587890625e-05
8 0.0001461505889892578
8 2.5987625122070312e-05
8 2.002716064453125e-05
4 0.00014710426330566406
▁ 0.01806640625
8 0.001598358154296875
8 0.0001786947250366211
8 1.6927719116210938e-05
- 7.62939453125e-05
3 0.0005269050598144531
4 8.022785186767578e-05
9 2.562999725341797e-05
- 1.4424324035644531e-05
8 0.00014722347259521484
8 2.5033950805664062e-05
8 1.9311904907226562e-05
4 0.00015175342559814453
▁ 0.0171661376953125
8 0.001529693603515625
8 0.00016367435455322266
8 1.5139579772949219e-05
- 6.937980651855469e-05
3 0.00048065185546875
4 7.367134094238281e-05
9 2.288818359375e-05
- 1.3232231140136719e-05
8 0.00013518333435058594
8 2.3126602172851562e-05
8 1.7762184143066406e-05
4 0.00014829635620117188
▁ 0.0164794921875
8 0.0014276504516601562
8 0.00014495849609375
8 1.3828277587890625e-05
- 6.723403930664062e-05
3 0.0004482269287109375
4 6.99758529663086e-05
9 2.1338462829589844e-05
- 1.2636184692382812e-05
8 0.00013017654418945312
8 3.409385681152344e-05
8 2.0742416381835938e-05
4 0.00014162063598632812
▁ 0.0163421630859375
8 0.0014066696166992188
8 0.0001456737518310547
8 1.33514404296875e-05
- 6.127357482910156e-05
3 0.00044226646423339844
4 6.330013275146484e-05
9 1.9311904907226562e-05
- 1.1682510375976562e-05
8 0.00012755393981933594
8 3.3020973205566406e-05
8 2.014636993408203e-05
4 0.0001385211944580078
▁ 0.016387939453125
8 0.001354217529296875
8 0.00014472007751464844
8 1.3232231140136719e-05
- 6.0439109802246094e-05
3 0.00044226646423339844
4 6.103515625e-05
9 1.9669532775878906e-05
- 1.1444091796875e-05
8 0.00012969970703125
8 2.6345252990722656e-05
8 1.9550323486328125e-05
4 0.00013649463653564453
▁ 0.0160064697265625
8 0.0013475418090820312
8 0.00013554096221923828
8 1.1801719665527344e-05
- 5.7578086853027344e-05
3 0.0004105567932128906
4 5.328655242919922e-05
9 1.7523765563964844e-05
- 1.049041748046875e-05
8 0.00011467933654785156
8 2.0742416381835938e-05
8 1.6689300537109375e-05
4 0.00011277198791503906
▁ 0.01517486572265625
8 0.0012655258178710938
8 0.00012218952178955078
8 1.1682510375976562e-05
- 5.412101745605469e-05
3 0.00038170814514160156
4 4.756450653076172e-05
9 1.633167266845703e-05
- 1.0251998901367188e-05
8 0.00011420249938964844
8 1.5616416931152344e-05
8 1.239776611328125e-05
4 0.00010955333709716797
▁ 0.01471710205078125
8 0.0012254714965820312
8 0.00012409687042236328
8 1.1563301086425781e-05
- 5.340576171875e-05
3 0.00037860870361328125
4 5.054473876953125e-05
9 1.6689300537109375e-05
- 9.298324584960938e-06
8 0.00010907649993896484
8 1.609325408935547e-05
8 1.1801719665527344e-05
4 0.00010502338409423828
▁ 0.01415252685546875
8 0.001132965087890625
8 0.00010788440704345703
8 1.049041748046875e-05
- 4.9948692321777344e-05
3 0.00036907196044921875
4 4.7326087951660156e-05
9 1.537799835205078e-05
- 9.179115295410156e-06
8 0.0001093149185180664
8 1.5497207641601562e-05
8 1.1205673217773438e-05
4 9.85860824584961e-05
▁ 0.0142059326171875
8 0.0010833740234375
8 0.00010442733764648438
8 1.0013580322265625e-05
- 4.5418739318847656e-05
3 0.00035119056701660156
4 4.553794860839844e-05
9 1.52587890625e-05
- 8.940696716308594e-06
8 0.000102996826171875
8 1.4901161193847656e-05
8 1.0371208190917969e-05
4 9.465217590332031e-05
▁ 0.0141448974609375
8 0.0010347366333007812
8 9.608268737792969e-05
8 9.059906005859375e-06
- 4.4465065002441406e-05
3 0.0003123283386230469
4 3.7550926208496094e-05
9 1.2636184692382812e-05
- 8.702278137207031e-06
8 9.584426879882812e-05
8 1.3947486877441406e-05
8 9.894371032714844e-06
4 0.00010013580322265625
▁ 0.01377105712890625
8 0.0010023117065429688
8 9.393692016601562e-05
8 8.225440979003906e-06
- 4.5180320739746094e-05
3 0.00031256675720214844
4 3.743171691894531e-05
9 1.239776611328125e-05
- 8.225440979003906e-06
8 9.548664093017578e-05
8 1.3709068298339844e-05
8 9.298324584960938e-06
4 8.809566497802734e-05
▁ 0.01371002197265625
8 0.0009918212890625
8 9.417533874511719e-05
8 8.225440979003906e-06
- 4.184246063232422e-05
3 0.0003192424774169922
4 3.743171691894531e-05
9 1.1920928955078125e-05
- 7.62939453125e-06
8 9.703636169433594e-05
8 1.3113021850585938e-05
8 9.059906005859375e-06
4 8.71419906616211e-05
▁ 0.013336181640625
8 0.0009598731994628906
8 9.775161743164062e-05
8 8.106231689453125e-06
- 4.029273986816406e-05
3 0.0003001689910888672
4 3.409385681152344e-05
9 1.1205673217773438e-05
- 7.510185241699219e-06
8 8.90493392944336e-05
8 1.2636184692382812e-05
8 9.179115295410156e-06
4 9.083747863769531e-05
▁ 0.013275146484375
8 0.0009284019470214844
8 9.417533874511719e-05
8 7.748603820800781e-06
- 3.8623809814453125e-05
3 0.0003066062927246094
4 3.5643577575683594e-05
9 1.1920928955078125e-05
- 7.987022399902344e-06
8 9.047985076904297e-05
8 1.71661376953125e-05
8 1.0848045349121094e-05
4 9.357929229736328e-05
▁ 0.0129241943359375
8 0.0009360313415527344
8 9.655952453613281e-05
8 7.987022399902344e-06
- 3.898143768310547e-05
3 0.0003075599670410156
4 3.731250762939453e-05
9 1.2159347534179688e-05
- 7.748603820800781e-06
8 9.298324584960938e-05
8 1.3709068298339844e-05
8 9.417533874511719e-06
4 9.918212890625e-05
▁ 0.0128936767578125
8 0.0009264945983886719
8 9.918212890625e-05
8 7.987022399902344e-06
- 4.112720489501953e-05
3 0.000316619873046875
4 4.017353057861328e-05
9 1.2993812561035156e-05
- 7.987022399902344e-06
8 9.870529174804688e-05
8 1.6570091247558594e-05
8 1.049041748046875e-05
4 0.00010442733764648438
▁ 0.01297760009765625
8 0.0009784698486328125
8 9.40561294555664e-05
8 7.3909759521484375e-06
- 3.7670135498046875e-05
3 0.0003273487091064453
4 3.981590270996094e-05
9 1.2516975402832031e-05
- 7.987022399902344e-06
8 0.00010013580322265625
8 1.9073486328125e-05
8 1.2278556823730469e-05
4 9.34600830078125e-05
▁ 0.01263427734375
8 0.0009908676147460938
8 9.131431579589844e-05
8 7.271766662597656e-06
- 3.457069396972656e-05
3 0.0003097057342529297
4 3.62396240234375e-05
9 1.1563301086425781e-05
- 7.152557373046875e-06
8 9.5367431640625e-05
8 1.2755393981933594e-05
8 8.940696716308594e-06
4 8.356571197509766e-05
▁ 0.01186370849609375
8 0.0009746551513671875
8 8.296966552734375e-05
8 6.67572021484375e-06
- 3.457069396972656e-05
3 0.00028777122497558594
4 3.266334533691406e-05
9 1.049041748046875e-05
- 6.4373016357421875e-06
8 8.785724639892578e-05
8 1.1563301086425781e-05
8 9.059906005859375e-06
4 8.58306884765625e-05
▁ 0.0114593505859375
8 0.0009417533874511719
8 7.56978988647461e-05
8 6.556510925292969e-06
- 3.3020973205566406e-05
3 0.0002715587615966797
4 3.0994415283203125e-05
9 1.0251998901367188e-05
- 6.318092346191406e-06
8 8.594989776611328e-05
8 1.1086463928222656e-05
8 8.702278137207031e-06
4 8.416175842285156e-05
▁ 0.0112762451171875
8 0.0009493827819824219
8 7.510185241699219e-05
8 6.4373016357421875e-06
- 3.0994415283203125e-05
3 0.00027680397033691406
4 3.3974647521972656e-05
9 1.0371208190917969e-05
- 6.4373016357421875e-06
8 8.225440979003906e-05
8 1.0609626770019531e-05
8 7.62939453125e-06
4 8.07046890258789e-05
▁ 0.0110321044921875
8 0.000873565673828125
8 7.092952728271484e-05
8 6.318092346191406e-06
- 3.0875205993652344e-05
3 0.0002875328063964844
4 3.314018249511719e-05
9 1.049041748046875e-05
- 6.4373016357421875e-06
8 8.153915405273438e-05
8 1.0251998901367188e-05
8 7.987022399902344e-06
4 9.40561294555664e-05
<0x0A> 4.94921875
One 7.05859375
▁day 5.01171875
, 1.357421875
▁as 4.4296875
▁he 2.103515625
▁p 6.2890625
onder 0.061767578125
ed 0.00643157958984375
▁his 1.80078125
▁purpose 5.28125
▁amongst 9.953125
▁the 0.358642578125
▁ru 5.3515625
ins 0.06488037109375
, 1.3994140625
▁he 0.6875
▁heard 1.484375
▁a 0.48486328125
▁faint 2.9765625
▁sound 2.578125
▁– 5.37109375
▁a 1.0146484375
▁knock 5.1953125
▁on 2.986328125
▁the 0.58056640625
▁door 0.53662109375
. 0.34716796875
▁His 4.3125
▁heart 1.1181640625
▁ski 2.5078125
pped 0.0430908203125
▁a 0.1849365234375
▁beat 0.022186279296875
; 3.654296875
▁fear 5.67578125
▁m 6.63671875
ing 0.07965087890625
led 0.067626953125
▁with 0.0269775390625
▁excitement 1.859375
▁as 1.6298828125
▁he 0.07830810546875
▁c 3.521484375
aut 0.0161590576171875
iously 0.0008478164672851562
▁approached 1.4921875
▁the 0.23095703125
▁source 3.88671875
▁of 0.2315673828125
▁the 0.03912353515625
▁noise 1.1259765625
. 0.15234375
▁Ad 9.25
ren 0.95361328125
al 0.1080322265625
ine 0.0015974044799804688
▁sur 2.369140625
ged 0.101318359375
▁through 0.36962890625
▁his 0.1873779296875
▁ve 0.276611328125
ins 0.00037169456481933594
▁as 0.445556640625
▁he 0.09161376953125
▁reached 2.93359375
▁out 2.357421875
▁to 0.90185546875
▁open 0.78857421875
▁the 0.0858154296875
▁door 0.104248046875
, 1.2734375
▁not 4.8515625
▁knowing 0.37060546875
▁what 0.1312255859375
▁await 2.5703125
ed 0.0003998279571533203
▁him 0.10198974609375
. 1.3427734375
<0x0A> 0.68115234375
To 5.57421875
▁his 0.110595703125
▁ut 6.7890625
most 2.4199485778808594e-05
▁surprise 0.423095703125
, 0.063720703125
▁he 1.4521484375
▁found 0.8310546875
▁a 1.01171875
▁little 3.84375
▁girl 0.7783203125
▁standing 0.6259765625
▁at 2.353515625
▁his 1.3408203125
▁door 0.1552734375
step 0.2939453125
, 1.21875
▁her 1.67578125
▁eyes 1.6962890625
▁filled 1.8720703125
▁with 0.0006952285766601562
▁innoc 3.220703125
ence 0.25927734375
▁and 0.1263427734375
▁curiosity 1.4111328125
. 0.11212158203125
▁She 1.28515625
▁wore 3.19140625
▁t 3.72265625
atter 0.01413726806640625
ed 8.320808410644531e-05
▁clothes 0.3681640625
▁and 0.3984375
▁bore 3.537109375
▁the 1.30859375
▁signs 2.58203125
▁of 0.0006303787231445312
▁the 4.8671875
▁har 2.171875
sh 0.0001862049102783203
▁world 2.26953125
▁she 0.9931640625
▁had 0.444580078125
▁surv 3.333984375
ived 0.00012934207916259766
▁in 2.767578125
. 0.496337890625
▁The 2.60546875
▁man 3.06640625
▁felt 2.541015625
▁a 0.96630859375
▁sur 1.9326171875
ge 0.0007538795471191406
▁of 0.0005626678466796875
▁emot 3.4375
ions 0.0010938644409179688
▁he 5.19921875
▁hadn 1.6884765625
' 1.884765625
t 1.1801719665527344e-05
▁experienced 1.5146484375
▁in 0.123046875
▁a 0.552734375
▁long 0.051361083984375
▁time 0.0457763671875
▁– 0.9873046875
▁hope 3.453125
, 0.2015380859375
▁joy 1.330078125
, 0.09063720703125
▁and 0.268798828125
▁a 2.009765625
▁renew 2.2421875
ed 0.0028896331787109375
▁sense 0.1649169921875
▁of 0.00091552734375
▁purpose 0.018463134765625
. 0.0799560546875
<0x0A> 0.325927734375
The 1.07421875
▁man 0.71923828125
▁and 3.041015625
▁the 0.032012939453125
▁girl 0.64990234375
▁shared 3.130859375
▁mem 7.16015625
ories 0.00010633468627929688
▁and 1.8505859375
▁created 6.828125
▁new 0.4873046875
▁ones 0.033111572265625
, 1.5634765625
▁while 5.2578125
▁the 0.90234375
▁man 0.50634765625
▁taught 1.859375
▁her 0.48095703125
▁surv 4.859375
ival 0.006206512451171875
▁skills 0.08489990234375
. 2.09765625
<0x0A> 5.12109375
They 2.697265625
▁had 3.701171875
▁a 1.87109375
▁small 4.859375
▁family 4.0390625
▁in 3.38671875
▁their 2.44921875
▁san 8.21875
ctu 0.0274810791015625
ary 0.0006575584411621094
. 2.208984375
<0x0A> 1.5009765625
The 1.2607421875
▁man 0.74365234375
▁and 1.201171875
▁the 0.06365966796875
▁girl 0.1436767578125
▁were 3.103515625
▁determined 5.16015625
▁to 0.0189056396484375
▁re 2.513671875
build 0.0305023193359375
▁what 3.2734375
▁had 1.0751953125
▁been 0.06378173828125
▁lost 0.5986328125
, 1.16796875
▁and 0.544921875
▁each 6.453125
▁knock 9.0625
▁on 0.2431640625
▁the 0.2264404296875
▁door 0.01171112060546875
▁was 2.125
▁met 5.21484375
▁with 0.006443023681640625
▁hope 1.794921875
, 2.44921875
▁as 2.525390625
▁they 0.9111328125
▁vent 6.69140625
ured 0.0016832351684570312
▁into 1.1953125
▁the 0.80029296875
▁des 7.34765625
olate 0.1304931640625
▁world 0.673828125
▁together 1.5595703125
. 0.31640625
▁Each 6.94140625
▁knock 2.275390625
▁on 0.4638671875
▁the 0.0267181396484375
▁door 0.00457000732421875
▁was 0.99267578125
▁met 4.0
▁with 0.01068115234375
▁hope 1.560546875
, 0.380615234375
▁as 0.287109375
▁they 0.2049560546875
▁vent 0.59228515625
ured 0.0009694099426269531
▁into 0.058929443359375
▁the 0.04931640625
▁des 0.12445068359375
olate 0.0006642341613769531
▁world 0.0091094970703125
▁together 0.058349609375
, 1.19140625
▁ready 4.07421875
▁to 0.01486968994140625
▁face 1.1826171875
▁whatever 0.623046875
▁came 2.328125
