▁Information 8.6171875
▁ 7.03125
8 4.44921875
8 3.044921875
8 1.0029296875
- 0.73486328125
2 2.048828125
8 2.291015625
2 2.1640625
- 0.033538818359375
0 2.408203125
4 1.3173828125
7 0.40673828125
6 0.7431640625
▁ 3.14453125
8 0.94775390625
8 0.464111328125
8 0.0024127960205078125
- 0.0192413330078125
2 0.1351318359375
8 0.029327392578125
2 0.0129241943359375
- 0.0023670196533203125
0 0.0170135498046875
4 0.01043701171875
7 0.0176849365234375
6 0.040771484375
▁ 2.125
8 0.2071533203125
8 0.1002197265625
8 0.0004603862762451172
- 0.013519287109375
2 0.0298309326171875
8 0.00736236572265625
2 0.0035877227783203125
- 0.002361297607421875
0 0.0086517333984375
4 0.004695892333984375
7 0.003810882568359375
6 0.0078582763671875
▁ 0.505859375
8 0.058441162109375
8 0.026123046875
8 0.00025391578674316406
- 0.003971099853515625
2 0.01052093505859375
8 0.005367279052734375
2 0.00099945068359375
- 0.0012407302856445312
0 0.0036296844482421875
4 0.001922607421875
7 0.0015411376953125
6 0.0034046173095703125
▁ 0.331787109375
8 0.035552978515625
8 0.01251983642578125
8 0.0002294778823852539
- 0.002101898193359375
2 0.005710601806640625
8 0.00389862060546875
2 0.0004875659942626953
- 0.0010004043579101562
0 0.00179290771484375
4 0.00096893310546875
7 0.0008368492126464844
6 0.0020751953125
▁ 0.164306640625
8 0.0214080810546875
8 0.00634002685546875
8 0.00015664100646972656
- 0.0011663436889648438
2 0.0030841827392578125
8 0.001674652099609375
2 0.00021350383758544922
- 0.0007109642028808594
0 0.0011377334594726562
4 0.0006055831909179688
7 0.0005125999450683594
6 0.00157928466796875
▁ 0.12225341796875
8 0.0157928466796875
8 0.005207061767578125
8 0.00011849403381347656
- 0.0009307861328125
2 0.0023193359375
8 0.0005669593811035156
2 0.0001499652862548828
- 0.0005478858947753906
0 0.0009145736694335938
4 0.0005040168762207031
7 0.0004215240478515625
6 0.0013856887817382812
▁ 0.11083984375
8 0.0123443603515625
8 0.00405120849609375
8 9.40561294555664e-05
- 0.0007343292236328125
2 0.0018911361694335938
8 0.0004398822784423828
2 0.00011706352233886719
- 0.00045871734619140625
0 0.0006957054138183594
4 0.0003936290740966797
7 0.00034928321838378906
6 0.0012102127075195312
▁ 0.10662841796875
8 0.010498046875
8 0.0032806396484375
8 8.130073547363281e-05
- 0.0005974769592285156
2 0.001491546630859375
8 0.0003237724304199219
2 9.322166442871094e-05
- 0.0004146099090576172
0 0.0005412101745605469
4 0.0003216266632080078
7 0.00030231475830078125
6 0.0010824203491210938
▁ 0.093017578125
8 0.0089263916015625
8 0.00254058837890625
8 7.104873657226562e-05
- 0.0004467964172363281
2 0.0012884140014648438
8 0.00030040740966796875
2 8.094310760498047e-05
- 0.00037384033203125
0 0.00044846534729003906
4 0.00027823448181152344
7 0.0002758502960205078
6 0.000965118408203125
▁ 0.08587646484375
8 0.0081787109375
8 0.0022792816162109375
8 6.008148193359375e-05
- 0.0003643035888671875
2 0.00116729736328125
8 0.0005083084106445312
2 8.082389831542969e-05
- 0.00030684471130371094
0 0.000400543212890625
4 0.00026535987854003906
7 0.00025391578674316406
6 0.0008282661437988281
▁ 0.0772705078125
8 0.007381439208984375
8 0.001983642578125
8 4.839897155761719e-05
- 0.0002884864807128906
2 0.0010290145874023438
8 0.0005846023559570312
2 7.903575897216797e-05
- 0.00023698806762695312
0 0.0003726482391357422
4 0.0002465248107910156
7 0.000225067138671875
6 0.0007085800170898438
▁ 0.07171630859375
8 0.006557464599609375
8 0.001689910888671875
8 4.172325134277344e-05
- 0.00023603439331054688
2 0.0008730888366699219
8 0.0005865097045898438
2 6.747245788574219e-05
- 0.00023424625396728516
0 0.00031185150146484375
4 0.00021958351135253906
7 0.00018930435180664062
6 0.000621795654296875
▁ 0.0665283203125
8 0.006122589111328125
8 0.0014848709106445312
8 3.6835670471191406e-05
- 0.00018393993377685547
2 0.0007791519165039062
8 0.0002956390380859375
2 5.4001808166503906e-05
- 0.00019228458404541016
0 0.0002841949462890625
4 0.00019741058349609375
7 0.00017845630645751953
6 0.0005578994750976562
▁ 0.0574951171875
8 0.00566864013671875
8 0.00141143798828125
8 3.552436828613281e-05
- 0.0001785755157470703
2 0.0006780624389648438
8 0.0003993511199951172
2 5.8770179748535156e-05
- 0.00018405914306640625
0 0.0002620220184326172
4 0.00019693374633789062
7 0.0001723766326904297
6 0.0005435943603515625
▁ 0.051910400390625
8 0.004924774169921875
8 0.0011749267578125
8 3.218650817871094e-05
- 0.00016248226165771484
2 0.0006108283996582031
8 0.000362396240234375
2 5.4836273193359375e-05
- 0.0001615285873413086
0 0.00024187564849853516
4 0.00019538402557373047
7 0.00016355514526367188
6 0.0004978179931640625
▁ 0.04913330078125
8 0.004650115966796875
8 0.001117706298828125
8 3.337860107421875e-05
- 0.00014925003051757812
2 0.0005578994750976562
8 0.00015938282012939453
2 4.1484832763671875e-05
- 0.00016427040100097656
0 0.00022208690643310547
4 0.00017154216766357422
7 0.00014710426330566406
6 0.0004527568817138672
▁ 0.04608154296875
8 0.0041351318359375
8 0.0009517669677734375
8 2.9921531677246094e-05
- 0.00012099742889404297
2 0.0004661083221435547
8 0.00016200542449951172
2 3.731250762939453e-05
- 0.0001277923583984375
0 0.00019919872283935547
4 0.00015056133270263672
7 0.00013399124145507812
6 0.00040221214294433594
▁ 0.041900634765625
8 0.0036220550537109375
8 0.0008635520935058594
8 2.765655517578125e-05
- 0.0001087188720703125
2 0.0004329681396484375
8 9.85860824584961e-05
2 3.0159950256347656e-05
- 0.00012862682342529297
0 0.00016820430755615234
4 0.00013697147369384766
7 0.00012242794036865234
6 0.0003638267517089844
▁ 0.03924560546875
8 0.0033779144287109375
8 0.0008068084716796875
8 2.682209014892578e-05
- 0.00010395050048828125
2 0.0004153251647949219
8 0.00032210350036621094
2 4.267692565917969e-05
- 0.0001342296600341797
0 0.00017011165618896484
4 0.00014400482177734375
7 0.00012242794036865234
6 0.0003485679626464844
▁ 0.038116455078125
8 0.0034618377685546875
8 0.0007581710815429688
8 2.372264862060547e-05
- 9.799003601074219e-05
2 0.0003838539123535156
8 0.0002472400665283203
2 3.6835670471191406e-05
- 0.0001233816146850586
0 0.00017404556274414062
4 0.000133514404296875
7 0.0001207590103149414
6 0.00034689903259277344
▁ 0.03814697265625
8 0.0034122467041015625
8 0.0007100105285644531
8 2.2411346435546875e-05
- 9.012222290039062e-05
2 0.0003476142883300781
8 0.00014328956604003906
2 2.944469451904297e-05
- 9.655952453613281e-05
0 0.00016057491302490234
4 0.00012052059173583984
7 0.00011229515075683594
6 0.0003199577331542969
▁ 0.036895751953125
8 0.003253936767578125
8 0.0007338523864746094
8 2.0623207092285156e-05
- 8.189678192138672e-05
2 0.0003418922424316406
8 8.26120376586914e-05
2 2.4199485778808594e-05
- 8.571147918701172e-05
0 0.0001474618911743164
4 0.00010669231414794922
7 0.00010824203491210938
6 0.00029468536376953125
▁ 0.0352783203125
8 0.0030384063720703125
8 0.000682830810546875
8 1.8596649169921875e-05
- 7.712841033935547e-05
2 0.000347137451171875
8 7.581710815429688e-05
2 2.3126602172851562e-05
- 6.747245788574219e-05
0 0.0001423358917236328
4 0.00010943412780761719
7 0.00010609626770019531
6 0.00029277801513671875
▁ 0.034820556640625
8 0.0028514862060546875
8 0.0006361007690429688
8 1.71661376953125e-05
- 6.92605972290039e-05
2 0.0003254413604736328
8 0.00018930435180664062
2 3.0517578125e-05
- 8.809566497802734e-05
0 0.00014352798461914062
4 0.00010859966278076172
7 0.00010609626770019531
6 0.000274658203125
▁ 0.0340576171875
8 0.002674102783203125
8 0.0005931854248046875
8 1.5854835510253906e-05
- 6.461143493652344e-05
2 0.00031495094299316406
8 0.00011754035949707031
2 2.4557113647460938e-05
- 6.663799285888672e-05
0 0.00013148784637451172
4 9.906291961669922e-05
7 9.5367431640625e-05
6 0.0002498626708984375
▁ 0.03179931640625
8 0.0025177001953125
8 0.0005440711975097656
8 1.4781951904296875e-05
- 5.8770179748535156e-05
2 0.0002906322479248047
8 9.691715240478516e-05
2 2.2530555725097656e-05
- 6.413459777832031e-05
0 0.00012004375457763672
4 9.906291961669922e-05
7 9.28640365600586e-05
6 0.00022840499877929688
▁ 0.029449462890625
8 0.00251007080078125
8 0.0004892349243164062
8 1.3828277587890625e-05
- 5.412101745605469e-05
2 0.0002665519714355469
8 6.711483001708984e-05
2 1.8596649169921875e-05
- 6.16312026977539e-05
0 0.00010538101196289062
4 9.334087371826172e-05
7 8.320808410644531e-05
6 0.00021183490753173828
▁ 0.029083251953125
8 0.002422332763671875
8 0.0004839897155761719
8 1.3828277587890625e-05
- 5.435943603515625e-05
2 0.0002620220184326172
8 9.72747802734375e-05
2 2.0265579223632812e-05
- 7.081031799316406e-05
0 0.00010478496551513672
4 8.654594421386719e-05
7 7.545948028564453e-05
6 0.000202178955078125
▁ 0.0276947021484375
8 0.00226593017578125
8 0.00045418739318847656
8 1.2636184692382812e-05
- 4.744529724121094e-05
2 0.00023746490478515625
8 7.176399230957031e-05
2 1.621246337890625e-05
- 6.0439109802246094e-05
0 9.298324584960938e-05
4 7.796287536621094e-05
7 6.890296936035156e-05
6 0.00018215179443359375
▁ 0.0255279541015625
8 0.002162933349609375
8 0.00042939186096191406
8 1.239776611328125e-05
- 4.5180320739746094e-05
2 0.00022864341735839844
8 9.799003601074219e-05
2 1.811981201171875e-05
- 5.173683166503906e-05
0 9.071826934814453e-05
4 8.106231689453125e-05
7 7.665157318115234e-05
6 0.00018155574798583984
▁ 0.0241851806640625
8 0.00209808349609375
8 0.00040459632873535156
8 1.2278556823730469e-05
- 4.744529724121094e-05
2 0.00023317337036132812
8 7.784366607666016e-05
2 1.6927719116210938e-05
- 5.435943603515625e-05
0 9.047985076904297e-05
4 8.392333984375e-05
7 7.867813110351562e-05
6 0.0001895427703857422
▁ 0.02532958984375
8 0.0019817352294921875
8 0.00040841102600097656
8 1.1563301086425781e-05
- 4.8995018005371094e-05
2 0.00023984909057617188
8 5.1975250244140625e-05
2 1.4066696166992188e-05
- 6.16312026977539e-05
0 8.83340835571289e-05
4 7.82012939453125e-05
7 7.43865966796875e-05
6 0.00017964839935302734
▁ 0.02459716796875
8 0.0019092559814453125
8 0.00037169456481933594
8 1.1086463928222656e-05
- 4.696846008300781e-05
2 0.0002294778823852539
8 5.221366882324219e-05
2 1.4066696166992188e-05
- 5.316734313964844e-05
0 8.606910705566406e-05
4 7.62939453125e-05
7 6.747245788574219e-05
6 0.00016701221466064453
▁ 0.0235443115234375
8 0.0018568038940429688
8 0.0003654956817626953
8 1.0609626770019531e-05
- 4.220008850097656e-05
2 0.00023365020751953125
8 4.565715789794922e-05
2 1.3947486877441406e-05
- 4.673004150390625e-05
0 8.559226989746094e-05
4 7.045269012451172e-05
7 6.568431854248047e-05
6 0.00016355514526367188
▁ 0.0225067138671875
8 0.0018148422241210938
8 0.00036835670471191406
8 1.0251998901367188e-05
- 4.208087921142578e-05
2 0.00023543834686279297
8 6.914138793945312e-05
2 1.537799835205078e-05
- 4.398822784423828e-05
0 9.000301361083984e-05
4 7.772445678710938e-05
7 6.842613220214844e-05
6 0.0001614093780517578
▁ 0.02178955078125
8 0.0017900466918945312
8 0.000354766845703125
8 1.0013580322265625e-05
- 3.921985626220703e-05
2 0.0002371072769165039
8 4.5180320739746094e-05
2 1.2755393981933594e-05
- 3.838539123535156e-05
0 9.262561798095703e-05
4 7.581710815429688e-05
7 6.759166717529297e-05
6 0.00014925003051757812
▁ 0.0214385986328125
8 0.0017042160034179688
8 0.0003428459167480469
8 9.655952453613281e-06
- 3.814697265625e-05
2 0.00023412704467773438
8 4.100799560546875e-05
2 1.1324882507324219e-05
- 3.802776336669922e-05
0 8.26120376586914e-05
4 6.973743438720703e-05
7 6.401538848876953e-05
6 0.0001436471939086914
▁ 0.020721435546875
8 0.001712799072265625
8 0.0003330707550048828
8 8.702278137207031e-06
- 3.600120544433594e-05
2 0.00022423267364501953
8 3.7670135498046875e-05
2 1.0609626770019531e-05
- 3.910064697265625e-05
0 7.37905502319336e-05
4 5.9723854064941406e-05
7 5.924701690673828e-05
6 0.0001327991485595703
▁ 0.0197906494140625
8 0.0017242431640625
8 0.0003173351287841797
8 8.463859558105469e-06
- 3.5643577575683594e-05
2 0.00022041797637939453
8 3.3020973205566406e-05
2 1.0371208190917969e-05
- 3.7670135498046875e-05
0 7.224082946777344e-05
4 5.805492401123047e-05
7 5.7578086853027344e-05
6 0.0001291036605834961
▁ 0.0201263427734375
8 0.0017852783203125
8 0.0003178119659423828
8 8.344650268554688e-06
- 3.4689903259277344e-05
2 0.00021636486053466797
8 3.552436828613281e-05
2 1.0013580322265625e-05
- 3.361701965332031e-05
0 7.069110870361328e-05
4 5.5789947509765625e-05
7 5.4001808166503906e-05
6 0.0001195669174194336
▁ 0.02001953125
8 0.0016765594482421875
8 0.0002846717834472656
8 7.62939453125e-06
- 3.3020973205566406e-05
2 0.00020885467529296875
8 3.898143768310547e-05
2 9.298324584960938e-06
- 3.0040740966796875e-05
0 6.747245788574219e-05
4 5.2809715270996094e-05
7 4.875659942626953e-05
6 0.00011038780212402344
▁ 0.019927978515625
8 0.001674652099609375
8 0.0002627372741699219
8 7.152557373046875e-06
- 3.0875205993652344e-05
2 0.0002033710479736328
8 3.8623809814453125e-05
2 9.5367431640625e-06
- 3.2067298889160156e-05
0 6.389617919921875e-05
4 4.9233436584472656e-05
7 4.673004150390625e-05
6 0.00010800361633300781
▁ 0.0194244384765625
8 0.001644134521484375
8 0.00024819374084472656
8 6.794929504394531e-06
- 3.1948089599609375e-05
2 0.00019073486328125
8 3.826618194580078e-05
2 8.58306884765625e-06
- 3.445148468017578e-05
0 5.733966827392578e-05
4 4.4465065002441406e-05
7 4.2319297790527344e-05
6 0.00010478496551513672
▁ 0.0192413330078125
8 0.0016117095947265625
8 0.0002410411834716797
8 6.556510925292969e-06
- 3.1113624572753906e-05
2 0.00018846988677978516
8 2.9921531677246094e-05
2 8.344650268554688e-06
- 2.5987625122070312e-05
0 5.519390106201172e-05
4 4.279613494873047e-05
7 4.0650367736816406e-05
6 9.655952453613281e-05
▁ 0.0184478759765625
8 0.0016193389892578125
8 0.0002453327178955078
8 6.794929504394531e-06
- 2.9802322387695312e-05
2 0.00019621849060058594
8 2.6106834411621094e-05
2 8.225440979003906e-06
- 3.635883331298828e-05
0 5.3048133850097656e-05
4 4.398822784423828e-05
7 4.088878631591797e-05
6 9.310245513916016e-05
▁ 0.018463134765625
8 0.0015993118286132812
8 0.00025177001953125
8 6.67572021484375e-06
- 2.9921531677246094e-05
2 0.00019097328186035156
8 2.6464462280273438e-05
2 8.463859558105469e-06
- 3.5643577575683594e-05
0 5.364418029785156e-05
4 4.220008850097656e-05
7 4.100799560546875e-05
6 9.608268737792969e-05
▁ 0.0182952880859375
8 0.0015192031860351562
8 0.00025582313537597656
8 6.556510925292969e-06
- 3.0040740966796875e-05
2 0.00019657611846923828
8 3.993511199951172e-05
2 1.0132789611816406e-05
- 3.9696693420410156e-05
0 5.3882598876953125e-05
4 4.482269287109375e-05
7 4.208087921142578e-05
6 9.357929229736328e-05
▁ 0.017425537109375
8 0.0014791488647460938
8 0.00024771690368652344
8 6.318092346191406e-06
- 2.86102294921875e-05
2 0.00019037723541259766
8 5.602836608886719e-05
2 1.1324882507324219e-05
- 3.039836883544922e-05
0 5.555152893066406e-05
4 4.398822784423828e-05
7 4.0650367736816406e-05
6 9.09566879272461e-05
▁ 0.0175018310546875
8 0.0014743804931640625
8 0.0002390146255493164
8 6.318092346191406e-06
- 2.7894973754882812e-05
2 0.0001760721206665039
8 4.6133995056152344e-05
2 1.0013580322265625e-05
- 2.384185791015625e-05
0 5.53131103515625e-05
4 4.3272972106933594e-05
7 3.921985626220703e-05
6 9.02414321899414e-05
▁ 0.017425537109375
8 0.001476287841796875
8 0.00022268295288085938
8 5.841255187988281e-06
- 2.574920654296875e-05
2 0.00018167495727539062
8 6.961822509765625e-05
2 1.1920928955078125e-05
- 2.5272369384765625e-05
0 5.53131103515625e-05
4 3.981590270996094e-05
7 3.7550926208496094e-05
6 8.380413055419922e-05
▁ 0.0174560546875
8 0.0015363693237304688
8 0.00022709369659423828
8 5.841255187988281e-06
- 2.467632293701172e-05
2 0.00017690658569335938
8 2.4437904357910156e-05
2 7.748603820800781e-06
- 3.4809112548828125e-05
0 4.9948692321777344e-05
4 3.6597251892089844e-05
7 3.4809112548828125e-05
6 8.07046890258789e-05
▁ 0.016876220703125
8 0.0016345977783203125
8 0.0002282857894897461
8 5.7220458984375e-06
- 2.5033950805664062e-05
2 0.00016999244689941406
8 3.993511199951172e-05
2 9.179115295410156e-06
- 2.6464462280273438e-05
0 4.7326087951660156e-05
4 3.5643577575683594e-05
7 3.600120544433594e-05
6 7.975101470947266e-05
▁ 0.0169219970703125
8 0.00167083740234375
8 0.00021457672119140625
8 5.4836273193359375e-06
- 2.4437904357910156e-05
2 0.00015354156494140625
8 2.777576446533203e-05
2 7.510185241699219e-06
- 3.4689903259277344e-05
0 4.649162292480469e-05
4 3.3855438232421875e-05
7 3.457069396972656e-05
6 8.130073547363281e-05
▁ 0.0165252685546875
8 0.0016279220581054688
8 0.00021207332611083984
8 5.602836608886719e-06
- 2.372264862060547e-05
2 0.000156402587890625
8 2.1338462829589844e-05
2 6.794929504394531e-06
- 2.5153160095214844e-05
0 4.5418739318847656e-05
4 3.170967102050781e-05
7 3.3974647521972656e-05
6 7.855892181396484e-05
▁ 0.0159912109375
8 0.0014705657958984375
8 0.00019490718841552734
8 5.245208740234375e-06
- 2.3245811462402344e-05
2 0.00014698505401611328
8 2.276897430419922e-05
2 6.794929504394531e-06
- 3.159046173095703e-05
0 4.684925079345703e-05
4 3.337860107421875e-05
7 3.445148468017578e-05
6 8.285045623779297e-05
▁ 0.0158538818359375
8 0.0014133453369140625
8 0.00019311904907226562
8 5.364418029785156e-06
- 2.2530555725097656e-05
2 0.00015079975128173828
8 1.9788742065429688e-05
2 6.794929504394531e-06
- 2.8848648071289062e-05
0 4.7087669372558594e-05
4 3.349781036376953e-05
7 3.421306610107422e-05
6 8.404254913330078e-05
<0x0A> 4.46875
The 3.64453125
▁latest 6.40234375
▁processes 12.0078125
▁in 1.9208984375
▁cultural 10.859375
▁change 3.330078125
▁show 7.70703125
▁that 0.85205078125
▁both 6.44140625
▁sides 4.29296875
▁of 1.1875
▁the 0.505859375
▁argument 4.171875
▁have 2.013671875
▁reasonable 6.48828125
▁grounds 2.318359375
. 1.5048828125
<0x0A> 1.7958984375
However 4.58984375
, 0.181640625
▁the 1.6904296875
▁other 6.4453125
▁side 0.65234375
▁of 0.87841796875
▁the 0.139404296875
▁argument 0.607421875
▁is 1.0947265625
▁more 3.048828125
▁comp 3.791015625
elling 0.026153564453125
▁because 2.728515625
▁it 1.158203125
▁cons 4.96875
iders 0.006595611572265625
▁the 0.681640625
▁strength 6.66015625
s 0.54736328125
▁of 0.748046875
▁local 7.3203125
▁cult 2.76171875
ures 0.0008025169372558594
. 1.564453125
▁In 3.44921875
▁particular 3.673828125
, 0.08209228515625
▁an 6.0390625
▁example 5.375
▁of 0.77294921875
▁s 8.4921875
ush 4.94140625
i 0.00666046142578125
’ 5.0625
s 0.005374908447265625
▁popular 2.52734375
ity 0.0299835205078125
▁in 0.78466796875
▁American 5.3125
▁society 2.748046875
▁and 4.1328125
▁cult 6.8671875
ures 0.0333251953125
▁of 4.77734375
▁other 2.6640625
▁nations 1.904296875
▁demonstr 3.439453125
ates 0.00191497802734375
▁that 0.93212890625
▁people 3.837890625
▁adopt 5.73046875
▁new 2.08984375
▁cultural 2.412109375
▁phen 4.97265625
omena 0.0011444091796875
▁with 3.775390625
▁acknowled 10.7734375
gment 0.869140625
▁of 0.3955078125
▁their 0.927734375
▁origin 4.65625
. 0.463134765625
▁According 5.765625
▁to 0.287841796875
▁Best 9.1171875
or 3.92578125
▁( 0.7265625
2 0.255859375
0 0.01015472412109375
1 1.130859375
0 1.716796875
), 0.11981201171875
▁“ 2.490234375
J 2.82421875
apan 0.0043792724609375
▁remains 7.265625
▁the 1.5634765625
▁world 2.474609375
’ 0.2103271484375
s 0.00022673606872558594
▁primary 4.07421875
▁market 4.9765625
▁for 0.1187744140625
▁fresh 5.5625
▁t 3.9609375
una 0.00710296630859375
▁for 7.01171875
▁s 0.84375
ush 0.149169921875
i 0.0005006790161132812
▁and 1.8076171875
▁s 0.35888671875
ash 0.0059661865234375
imi 0.0018634796142578125
” 1.08984375
▁( 0.07928466796875
p 0.194091796875
. 0.006252288818359375
▁ 0.10302734375
1 1.140625
1 2.208984375
0 2.642578125
). 0.10400390625
▁Thus 3.5
, 0.0200042724609375
▁having 7.6328125
▁integrated 8.1796875
▁its 4.08984375
▁product 6.69140625
▁into 0.60693359375
▁the 1.0810546875
▁cult 3.40234375
ures 0.0016326904296875
▁of 0.058746337890625
▁other 0.83056640625
▁countries 2.02734375
, 0.1536865234375
▁Japan 1.44921875
▁has 1.3779296875
▁expanded 5.24609375
▁its 0.423828125
▁market 1.7314453125
▁share 2.75390625
. 1.0234375
<0x0A> 0.99853515625
The 2.025390625
▁host 8.3984375
▁cult 3.3671875
ures 0.0007066726684570312
▁know 7.984375
▁the 1.568359375
▁history 3.447265625
▁of 0.3935546875
▁the 1.0830078125
▁cultural 4.45703125
▁clusters 13.265625
. 2.369140625
