▁There 10.375
▁is 3.42578125
▁ 5.765625
8 4.41796875
8 4.22265625
8 1.771484375
- 5.3125
3 4.7734375
4 3.869140625
9 3.720703125
- 2.3125
8 0.77490234375
8 0.83642578125
8 0.90234375
4 5.55078125
▁ 4.25
8 0.6669921875
8 0.381591796875
8 0.404541015625
- 1.4853515625
3 1.3671875
4 0.673828125
9 0.6328125
- 0.78515625
8 0.1986083984375
8 0.064453125
8 0.08734130859375
4 0.319580078125
▁ 0.6982421875
8 0.2374267578125
8 0.06591796875
8 0.09771728515625
- 0.787109375
3 0.6162109375
4 0.09564208984375
9 0.1568603515625
- 0.153564453125
8 0.071533203125
8 0.0362548828125
8 0.053985595703125
4 0.1697998046875
▁ 0.1727294921875
8 0.11248779296875
8 0.0203094482421875
8 0.0247802734375
- 0.38916015625
3 0.1719970703125
4 0.037109375
9 0.0718994140625
- 0.04437255859375
8 0.016143798828125
8 0.01306915283203125
8 0.0447998046875
4 0.07757568359375
▁ 0.1021728515625
8 0.070068359375
8 0.01090240478515625
8 0.01018524169921875
- 0.193359375
3 0.04052734375
4 0.014190673828125
9 0.03082275390625
- 0.0207061767578125
8 0.00954437255859375
8 0.00542449951171875
8 0.0208587646484375
4 0.037872314453125
▁ 0.08099365234375
8 0.05340576171875
8 0.00931549072265625
8 0.00838470458984375
- 0.14990234375
3 0.0328369140625
4 0.0106048583984375
9 0.0252532958984375
- 0.0139923095703125
8 0.0084381103515625
8 0.0035400390625
8 0.01291656494140625
4 0.018585205078125
▁ 0.06207275390625
8 0.046112060546875
8 0.00812530517578125
8 0.007205963134765625
- 0.1285400390625
3 0.0255889892578125
4 0.0092620849609375
9 0.01934814453125
- 0.0142059326171875
8 0.00789642333984375
8 0.0034618377685546875
8 0.010650634765625
4 0.0157928466796875
▁ 0.052032470703125
8 0.036956787109375
8 0.006511688232421875
8 0.005084991455078125
- 0.085205078125
3 0.0205078125
4 0.00787353515625
9 0.01434326171875
- 0.01202392578125
8 0.00618743896484375
8 0.0028228759765625
8 0.007068634033203125
4 0.01180267333984375
▁ 0.045501708984375
8 0.030609130859375
8 0.00577545166015625
8 0.004638671875
- 0.07672119140625
3 0.0164794921875
4 0.00801849365234375
9 0.01239013671875
- 0.00998687744140625
8 0.004474639892578125
8 0.0023517608642578125
8 0.005275726318359375
4 0.00957489013671875
▁ 0.04425048828125
8 0.0222015380859375
8 0.004825592041015625
8 0.003322601318359375
- 0.06353759765625
3 0.01284027099609375
4 0.00841522216796875
9 0.0101776123046875
- 0.00783538818359375
8 0.0033817291259765625
8 0.0021114349365234375
8 0.004291534423828125
4 0.00785064697265625
▁ 0.03778076171875
8 0.018341064453125
8 0.00441741943359375
8 0.00325775146484375
- 0.057403564453125
3 0.009918212890625
4 0.00592041015625
9 0.0080413818359375
- 0.00616455078125
8 0.0028896331787109375
8 0.0017480850219726562
8 0.0037593841552734375
4 0.006458282470703125
▁ 0.032440185546875
8 0.01383209228515625
8 0.0038433074951171875
8 0.003520965576171875
- 0.05450439453125
3 0.0085906982421875
4 0.005001068115234375
9 0.006885528564453125
- 0.005096435546875
8 0.0030689239501953125
8 0.001667022705078125
8 0.0038509368896484375
4 0.006252288818359375
▁ 0.0304412841796875
8 0.011566162109375
8 0.00341033935546875
8 0.0030918121337890625
- 0.05059814453125
3 0.0083465576171875
4 0.0043792724609375
9 0.006732940673828125
- 0.00439453125
8 0.0029621124267578125
8 0.0014543533325195312
8 0.0033740997314453125
4 0.00597381591796875
▁ 0.0268096923828125
8 0.0108642578125
8 0.0028781890869140625
8 0.0025997161865234375
- 0.041046142578125
3 0.00699615478515625
4 0.0034389495849609375
9 0.005764007568359375
- 0.0034332275390625
8 0.002262115478515625
8 0.0011539459228515625
8 0.0027294158935546875
4 0.005161285400390625
▁ 0.0241851806640625
8 0.01016998291015625
8 0.0025310516357421875
8 0.0023097991943359375
- 0.039886474609375
3 0.00649261474609375
4 0.0026454925537109375
9 0.0048828125
- 0.0030345916748046875
8 0.001979827880859375
8 0.001007080078125
8 0.00244903564453125
4 0.00479888916015625
▁ 0.022613525390625
8 0.0093536376953125
8 0.002185821533203125
8 0.00182342529296875
- 0.03076171875
3 0.00659942626953125
4 0.002292633056640625
9 0.0038051605224609375
- 0.00266265869140625
8 0.0017061233520507812
8 0.0007596015930175781
8 0.0017786026000976562
4 0.004123687744140625
▁ 0.02069091796875
8 0.007762908935546875
8 0.0019321441650390625
8 0.0016984939575195312
- 0.024810791015625
3 0.00557708740234375
4 0.0018749237060546875
9 0.00327301025390625
- 0.0024261474609375
8 0.0015106201171875
8 0.0006146430969238281
8 0.0014171600341796875
4 0.0033969879150390625
▁ 0.0190582275390625
8 0.006671905517578125
8 0.0019235610961914062
8 0.001796722412109375
- 0.022857666015625
3 0.005126953125
4 0.0017604827880859375
9 0.0030059814453125
- 0.00225067138671875
8 0.00160980224609375
8 0.0006251335144042969
8 0.0014209747314453125
4 0.0031948089599609375
▁ 0.018463134765625
8 0.00576019287109375
8 0.0020904541015625
8 0.0021190643310546875
- 0.0205078125
3 0.005237579345703125
4 0.00171661376953125
9 0.0030956268310546875
- 0.0021724700927734375
8 0.0016384124755859375
8 0.0006346702575683594
8 0.0015878677368164062
4 0.0031604766845703125
▁ 0.0182342529296875
8 0.005290985107421875
8 0.00209808349609375
8 0.0021152496337890625
- 0.01898193359375
3 0.005069732666015625
4 0.0017290115356445312
9 0.0030975341796875
- 0.002056121826171875
8 0.00183868408203125
8 0.00067901611328125
8 0.001804351806640625
4 0.00360107421875
▁ 0.0187530517578125
8 0.0048980712890625
8 0.0021724700927734375
8 0.00188446044921875
- 0.018798828125
3 0.00516510009765625
4 0.00191497802734375
9 0.0031566619873046875
- 0.002040863037109375
8 0.0018491744995117188
8 0.0006909370422363281
8 0.0017385482788085938
4 0.00348663330078125
▁ 0.0179290771484375
8 0.0047454833984375
8 0.0019445419311523438
8 0.0016889572143554688
- 0.015625
3 0.005115509033203125
4 0.0018682479858398438
9 0.003070831298828125
- 0.0019664764404296875
8 0.001712799072265625
8 0.0006318092346191406
8 0.0014791488647460938
4 0.0030536651611328125
▁ 0.01788330078125
8 0.004558563232421875
8 0.0019025802612304688
8 0.001743316650390625
- 0.0164947509765625
3 0.0048828125
4 0.001819610595703125
9 0.0030155181884765625
- 0.0018644332885742188
8 0.001811981201171875
8 0.0006513595581054688
8 0.001392364501953125
4 0.0028209686279296875
▁ 0.0180511474609375
8 0.004032135009765625
8 0.00182342529296875
8 0.001590728759765625
- 0.016754150390625
3 0.004863739013671875
4 0.0017080307006835938
9 0.00284576416015625
- 0.001739501953125
8 0.0018787384033203125
8 0.0006551742553710938
8 0.001346588134765625
4 0.0026912689208984375
▁ 0.0171356201171875
8 0.003910064697265625
8 0.0018768310546875
8 0.0017910003662109375
- 0.01641845703125
3 0.004241943359375
4 0.0016345977783203125
9 0.002696990966796875
- 0.0016260147094726562
8 0.001720428466796875
8 0.0006098747253417969
8 0.0013828277587890625
4 0.002590179443359375
▁ 0.0157318115234375
8 0.0035839080810546875
8 0.001888275146484375
8 0.001834869384765625
- 0.019256591796875
3 0.003810882568359375
4 0.001636505126953125
9 0.002445220947265625
- 0.0016164779663085938
8 0.0018100738525390625
8 0.0005955696105957031
8 0.0014190673828125
4 0.0026988983154296875
▁ 0.0145721435546875
8 0.0035915374755859375
8 0.0018548965454101562
8 0.0016660690307617188
- 0.0164794921875
3 0.00357818603515625
4 0.0017642974853515625
9 0.00244140625
- 0.0015745162963867188
8 0.001575469970703125
8 0.0005273818969726562
8 0.0012311935424804688
4 0.0023651123046875
▁ 0.013671875
8 0.0035190582275390625
8 0.0016956329345703125
8 0.0014314651489257812
- 0.0138397216796875
3 0.00324249267578125
4 0.0016393661499023438
9 0.0022678375244140625
- 0.0014657974243164062
8 0.001346588134765625
8 0.0004608631134033203
8 0.00104522705078125
4 0.002033233642578125
▁ 0.01337432861328125
8 0.0037326812744140625
8 0.0016717910766601562
8 0.0013227462768554688
- 0.0118255615234375
3 0.003101348876953125
4 0.001514434814453125
9 0.00217437744140625
- 0.00153350830078125
8 0.0014295578002929688
8 0.000438690185546875
8 0.0010023117065429688
4 0.0018491744995117188
▁ 0.012420654296875
8 0.0034542083740234375
8 0.0015573501586914062
8 0.0013914108276367188
- 0.01016998291015625
3 0.00307464599609375
4 0.0012483596801757812
9 0.00189971923828125
- 0.0015201568603515625
8 0.0013427734375
8 0.00040602684020996094
8 0.0009069442749023438
4 0.0017375946044921875
▁ 0.01212310791015625
8 0.0030574798583984375
8 0.0014162063598632812
8 0.0012903213500976562
- 0.0088653564453125
3 0.0030040740966796875
4 0.001140594482421875
9 0.0018529891967773438
- 0.0015344619750976562
8 0.001537322998046875
8 0.0004124641418457031
8 0.0009312629699707031
4 0.0018520355224609375
▁ 0.0118560791015625
8 0.0028476715087890625
8 0.0014123916625976562
8 0.0012826919555664062
- 0.0086212158203125
3 0.0029888153076171875
4 0.0011968612670898438
9 0.0018091201782226562
- 0.0015316009521484375
8 0.00159454345703125
8 0.00043272972106933594
8 0.000911712646484375
4 0.0017833709716796875
▁ 0.0121307373046875
8 0.00273895263671875
8 0.00135040283203125
8 0.001300811767578125
- 0.007579803466796875
3 0.0031604766845703125
4 0.0012607574462890625
9 0.0018377304077148438
- 0.00160980224609375
8 0.0013790130615234375
8 0.0004019737243652344
8 0.0009059906005859375
4 0.0019083023071289062
▁ 0.01154327392578125
8 0.0027561187744140625
8 0.0013151168823242188
8 0.001277923583984375
- 0.006984710693359375
3 0.0030059814453125
4 0.0012578964233398438
9 0.0016870498657226562
- 0.001712799072265625
8 0.0014047622680664062
8 0.0004048347473144531
8 0.0008840560913085938
4 0.0019931793212890625
▁ 0.01131439208984375
8 0.0027637481689453125
8 0.0012598037719726562
8 0.00110626220703125
- 0.005886077880859375
3 0.0027923583984375
4 0.001277923583984375
9 0.0017080307006835938
- 0.0015573501586914062
8 0.0013990402221679688
8 0.0003654956817626953
8 0.0007886886596679688
4 0.001922607421875
▁ 0.010284423828125
8 0.002605438232421875
8 0.0011749267578125
8 0.00110626220703125
- 0.00543212890625
3 0.00257110595703125
4 0.0011348724365234375
9 0.0015115737915039062
- 0.0015239715576171875
8 0.0011320114135742188
8 0.0003139972686767578
8 0.0006804466247558594
4 0.0017633438110351562
▁ 0.00988006591796875
8 0.0022258758544921875
8 0.0010662078857421875
8 0.0010137557983398438
- 0.005077362060546875
3 0.0023555755615234375
4 0.00095367431640625
9 0.0013971328735351562
- 0.0014047622680664062
8 0.0011091232299804688
8 0.0002789497375488281
8 0.0006418228149414062
4 0.0016107559204101562
▁ 0.00945281982421875
8 0.0019989013671875
8 0.0010118484497070312
8 0.001026153564453125
- 0.00479888916015625
3 0.00232696533203125
4 0.0008397102355957031
9 0.0012884140014648438
- 0.0012674331665039062
8 0.0011196136474609375
8 0.00027060508728027344
8 0.0005707740783691406
4 0.0014219284057617188
▁ 0.01013946533203125
8 0.001880645751953125
8 0.0010061264038085938
8 0.0009794235229492188
- 0.0048675537109375
3 0.0023193359375
4 0.0009088516235351562
9 0.001399993896484375
- 0.0012960433959960938
8 0.0011501312255859375
8 0.0002856254577636719
8 0.0006380081176757812
4 0.001537322998046875
▁ 0.01068878173828125
8 0.0019474029541015625
8 0.001102447509765625
8 0.0010366439819335938
- 0.005229949951171875
3 0.00275421142578125
4 0.0009369850158691406
9 0.0014963150024414062
- 0.00141143798828125
8 0.0013580322265625
8 0.0002942085266113281
8 0.0006346702575683594
4 0.0015935897827148438
▁ 0.01111602783203125
8 0.002140045166015625
8 0.0010976791381835938
8 0.00103759765625
- 0.005615234375
3 0.0029392242431640625
4 0.0009679794311523438
9 0.001590728759765625
- 0.001422882080078125
8 0.0013828277587890625
8 0.0002868175506591797
8 0.0006084442138671875
4 0.00154876708984375
▁ 0.0111083984375
8 0.0019388198852539062
8 0.001010894775390625
8 0.0009675025939941406
- 0.005645751953125
3 0.0029735565185546875
4 0.0008630752563476562
9 0.0015783309936523438
- 0.00141143798828125
8 0.0014524459838867188
8 0.00027751922607421875
8 0.0005822181701660156
4 0.0014247894287109375
▁ 0.011444091796875
8 0.0019512176513671875
8 0.0010023117065429688
8 0.0009064674377441406
- 0.005374908447265625
3 0.0024871826171875
4 0.0008549690246582031
9 0.0015773773193359375
- 0.0012903213500976562
8 0.0013856887817382812
8 0.0002636909484863281
8 0.0005497932434082031
4 0.0013275146484375
▁ 0.0108642578125
8 0.0018930435180664062
8 0.0010004043579101562
8 0.00098419189453125
- 0.00485992431640625
3 0.0022373199462890625
4 0.0007343292236328125
9 0.001361846923828125
- 0.0012731552124023438
8 0.001178741455078125
8 0.0002319812774658203
8 0.0005211830139160156
4 0.0013055801391601562
▁ 0.0098876953125
8 0.0017061233520507812
8 0.0009403228759765625
8 0.0009102821350097656
- 0.00447845458984375
3 0.0018854141235351562
4 0.0007328987121582031
9 0.0012426376342773438
- 0.001110076904296875
8 0.001216888427734375
8 0.00022864341735839844
8 0.0005221366882324219
4 0.0013513565063476562
▁ 0.0093994140625
8 0.001659393310546875
8 0.0008721351623535156
8 0.0008740425109863281
- 0.004207611083984375
3 0.0018405914306640625
4 0.0007266998291015625
9 0.0012369155883789062
- 0.0009303092956542969
8 0.0011262893676757812
8 0.00020062923431396484
8 0.0004324913024902344
4 0.0011835098266601562
▁ 0.0097503662109375
8 0.0015840530395507812
8 0.0007872581481933594
8 0.0008149147033691406
- 0.004024505615234375
3 0.0016775131225585938
4 0.0007557868957519531
9 0.0012559890747070312
- 0.0008788108825683594
8 0.0010929107666015625
8 0.00019419193267822266
8 0.0004143714904785156
4 0.0011425018310546875
▁ 0.00991058349609375
8 0.0014553070068359375
8 0.0007586479187011719
8 0.0008015632629394531
- 0.004032135009765625
3 0.00164794921875
4 0.0006804466247558594
9 0.0012054443359375
- 0.00087738037109375
8 0.0011320114135742188
8 0.00018727779388427734
8 0.0004088878631591797
4 0.001033782958984375
▁ 0.0101318359375
8 0.001384735107421875
8 0.0007410049438476562
8 0.0007586479187011719
- 0.00438690185546875
3 0.0015363693237304688
4 0.0006351470947265625
9 0.0011692047119140625
- 0.0009169578552246094
8 0.0012407302856445312
8 0.000194549560546875
8 0.000423431396484375
4 0.0009975433349609375
▁ 0.01015472412109375
8 0.0012454986572265625
8 0.0007424354553222656
8 0.00079345703125
- 0.004150390625
3 0.0013723373413085938
4 0.0006232261657714844
9 0.0010538101196289062
- 0.0009255409240722656
8 0.001117706298828125
8 0.00020503997802734375
8 0.0004360675811767578
4 0.0009570121765136719
▁ 0.01007843017578125
8 0.0011663436889648438
8 0.0007448196411132812
8 0.0007638931274414062
- 0.00383758544921875
3 0.0013628005981445312
4 0.0006499290466308594
9 0.0010585784912109375
- 0.0009016990661621094
8 0.0011234283447265625
8 0.00020360946655273438
8 0.00042724609375
4 0.0009088516235351562
▁ 0.00970458984375
8 0.0011949539184570312
8 0.0007872581481933594
8 0.0008826255798339844
- 0.0037384033203125
3 0.0014362335205078125
4 0.0006947517395019531
9 0.0011138916015625
- 0.0009484291076660156
8 0.0011043548583984375
8 0.00021326541900634766
8 0.0004429817199707031
4 0.000835418701171875
▁ 0.00949859619140625
8 0.0011444091796875
8 0.0008020401000976562
8 0.00086212158203125
- 0.0038242340087890625
3 0.0014963150024414062
4 0.0007815361022949219
9 0.0012664794921875
- 0.0009508132934570312
8 0.001300811767578125
8 0.00023663043975830078
8 0.000492095947265625
4 0.0008778572082519531
▁ 0.00949859619140625
8 0.0012264251708984375
8 0.00089263916015625
8 0.0009489059448242188
- 0.0037994384765625
3 0.0015926361083984375
4 0.0008878707885742188
9 0.0013294219970703125
- 0.0009198188781738281
8 0.00128936767578125
8 0.00023686885833740234
8 0.0004858970642089844
4 0.0008258819580078125
▁ 0.0091552734375
8 0.0011806488037109375
8 0.0009150505065917969
8 0.0009918212890625
- 0.00396728515625
3 0.0016946792602539062
4 0.0009007453918457031
9 0.0014829635620117188
- 0.000980377197265625
8 0.0013904571533203125
8 0.00023257732391357422
8 0.0004901885986328125
4 0.0008387565612792969
▁ 0.0088653564453125
8 0.00104522705078125
8 0.0009093284606933594
8 0.0010080337524414062
- 0.0040283203125
3 0.0017843246459960938
4 0.0009527206420898438
9 0.0015420913696289062
- 0.0009889602661132812
8 0.0014009475708007812
8 0.0002474784851074219
8 0.0005140304565429688
4 0.0007796287536621094
<0x0A> 6.796875
One 6.8828125
▁day 5.0703125
, 1.5859375
▁as 4.60546875
▁he 2.15234375
▁p 6.046875
onder 0.491455078125
ed 0.0019435882568359375
▁his 1.521484375
▁purpose 4.875
▁amongst 7.8203125
▁the 0.60546875
▁ru 5.62890625
ins 0.1190185546875
, 1.658203125
▁he 1.3662109375
▁heard 3.021484375
▁a 0.76123046875
▁faint 3.88671875
▁sound 2.365234375
▁– 5.6953125
▁a 1.1650390625
▁knock 6.55859375
▁on 1.509765625
▁the 0.52587890625
▁door 0.37646484375
. 0.467529296875
▁His 3.64453125
▁heart 1.8974609375
▁ski 2.748046875
pped 0.01479339599609375
▁a 0.178466796875
▁beat 0.0258026123046875
; 3.8984375
▁fear 5.37890625
▁m 6.03515625
ing 0.11175537109375
led 0.060821533203125
▁with 0.041412353515625
▁excitement 1.06640625
▁as 2.3515625
▁he 0.144775390625
▁c 5.9296875
aut 0.035400390625
iously 0.0006628036499023438
▁approached 3.4296875
▁the 0.23828125
▁source 7.7109375
▁of 0.253173828125
▁the 0.1112060546875
▁noise 1.65234375
. 0.224853515625
▁Ad 9.09375
ren 1.7529296875
al 0.09393310546875
ine 0.00402069091796875
▁sur 2.568359375
ged 0.0243072509765625
▁through 0.256103515625
▁his 0.1683349609375
▁ve 0.396728515625
ins 0.0004062652587890625
▁as 0.330078125
▁he 0.1748046875
▁reached 3.314453125
▁out 2.40234375
▁to 0.91064453125
▁open 1.1845703125
▁the 0.0123748779296875
▁door 0.0296173095703125
, 1.8896484375
▁not 4.37109375
▁knowing 1.736328125
▁what 0.67041015625
▁await 3.865234375
ed 0.0009026527404785156
▁him 0.435546875
. 1.703125
<0x0A> 1.27734375
To 5.5234375
▁his 0.64990234375
▁ut 7.2734375
most 0.0024890899658203125
▁surprise 0.51123046875
, 0.1268310546875
▁he 0.8642578125
▁found 0.74365234375
▁a 1.6142578125
▁little 4.19140625
▁girl 0.442626953125
▁standing 1.150390625
▁at 2.076171875
▁his 1.7724609375
▁door 0.3232421875
step 0.96826171875
, 1.3486328125
▁her 1.869140625
▁eyes 1.4033203125
▁filled 2.439453125
▁with 0.0031604766845703125
▁innoc 4.0390625
ence 0.26611328125
▁and 0.58203125
▁curiosity 2.173828125
. 0.225341796875
▁She 1.646484375
▁wore 4.06640625
▁t 8.5
atter 0.019775390625
ed 0.0003292560577392578
▁clothes 0.6953125
▁and 0.83642578125
▁bore 7.578125
▁the 1.6875
▁signs 3.427734375
▁of 0.00899505615234375
▁the 4.29296875
▁har 2.091796875
sh 0.0018186569213867188
▁world 4.765625
▁she 0.904296875
▁had 1.3515625
▁surv 3.611328125
ived 0.00010979175567626953
▁in 2.546875
. 0.373779296875
▁The 3.46875
▁man 5.81640625
▁felt 2.84765625
▁a 1.2314453125
▁sur 3.396484375
ge 0.0251922607421875
▁of 0.00988006591796875
▁emot 4.890625
ions 0.01114654541015625
▁he 4.96875
▁hadn 3.505859375
' 0.00251007080078125
t 9.85860824584961e-05
▁experienced 2.240234375
▁in 0.60693359375
▁a 0.6650390625
▁long 0.48291015625
▁time 0.16162109375
▁– 1.7763671875
▁hope 2.873046875
, 0.314453125
▁joy 2.3046875
, 0.1640625
▁and 1.3759765625
▁a 2.69140625
▁renew 5.515625
ed 0.01708984375
▁sense 0.2958984375
▁of 0.003360748291015625
▁purpose 0.2091064453125
. 0.361328125
<0x0A> 0.8955078125
The 2.6171875
▁man 3.08984375
▁and 3.8046875
▁the 0.2347412109375
▁girl 0.71875
▁shared 2.78515625
▁mem 7.6015625
ories 4.458427429199219e-05
▁and 1.845703125
▁created 7.6640625
▁new 2.138671875
▁ones 0.1773681640625
, 2.146484375
▁while 4.8046875
▁the 1.8291015625
▁man 2.841796875
▁taught 5.84765625
▁her 3.099609375
▁surv 7.6640625
ival 0.10736083984375
▁skills 0.37353515625
. 1.423828125
<0x0A> 2.703125
They 2.4453125
▁had 2.751953125
▁a 1.7490234375
▁small 5.25
▁family 4.4921875
▁in 4.16015625
▁their 2.619140625
▁san 8.7109375
ctu 0.004241943359375
ary 0.0010919570922851562
. 1.4482421875
<0x0A> 0.94970703125
The 1.8291015625
▁man 0.9072265625
▁and 1.2177734375
▁the 0.147705078125
▁girl 0.1510009765625
▁were 3.23828125
▁determined 5.9375
▁to 0.09173583984375
▁re 4.109375
build 0.10015869140625
▁what 4.4609375
▁had 1.125
▁been 0.1571044921875
▁lost 0.80712890625
, 1.5654296875
▁and 0.9755859375
▁each 6.12890625
▁knock 11.5078125
▁on 1.455078125
▁the 0.223388671875
▁door 0.01232147216796875
▁was 1.939453125
▁met 4.63671875
▁with 0.053436279296875
▁hope 2.71875
, 1.3388671875
▁as 5.23046875
▁they 0.833984375
▁vent 7.0859375
ured 0.00818634033203125
▁into 1.6513671875
▁the 0.79052734375
▁des 7.78125
olate 0.445556640625
▁world 0.99169921875
▁together 3.5703125
. 0.11712646484375
▁Each 5.77734375
▁knock 2.7890625
▁on 1.4462890625
▁the 0.07257080078125
▁door 0.007366180419921875
▁was 0.76513671875
▁met 0.455078125
▁with 0.02008056640625
▁hope 0.27880859375
, 0.1514892578125
▁as 0.2337646484375
▁they 0.121337890625
▁vent 0.85595703125
ured 0.006885528564453125
▁into 0.0528564453125
▁the 0.034820556640625
▁des 0.11480712890625
olate 0.0312347412109375
▁world 0.00617218017578125
▁together 0.011932373046875
, 2.291015625
▁ready 5.39453125
▁to 0.0596923828125
▁face 1.869140625
▁whatever 1.2919921875
▁came 2.1796875
