▁The 10.375
▁Ep 8.609375
ic 1.2001953125
▁of 4.9609375
▁Gil 10.8984375
g 4.2109375
ames 3.935546875
h 1.91796875
, 3.97265625
▁an 5.88671875
▁ancient 2.875
▁Mes 3.005859375
op 2.4375
ot 6.3515625
am 5.6640625
ian 0.24169921875
▁poem 7.96484375
, 1.3203125
▁expl 8.5859375
ores 0.97998046875
▁many 5.609375
▁them 3.212890625
es 0.0172119140625
▁and 2.095703125
▁con 6.18359375
ve 0.33984375
ys 0.01299285888671875
▁a 2.001953125
▁powerful 4.28515625
▁message 1.1240234375
▁that 3.013671875
▁reson 3.9609375
ates 0.060455322265625
▁even 5.53515625
▁today 2.703125
. 1.0263671875
▁The 2.31640625
▁main 4.9921875
▁theme 1.955078125
▁of 0.85986328125
▁the 0.73046875
▁ep 2.396484375
ic 0.0184326171875
▁revol 5.6953125
ves 0.052490234375
▁around 0.040863037109375
▁the 0.734375
▁quest 5.50390625
▁for 0.68994140625
▁imm 1.810546875
ort 0.0004458427429199219
ality 0.0081329345703125
. 1.609375
▁Through 5.7734375
▁the 1.39453125
▁hero 4.61328125
' 1.2109375
s 0.0063018798828125
▁journey 1.669921875
, 0.4150390625
▁it 4.6953125
▁expl 2.791015625
ores 0.0055084228515625
▁the 0.666015625
▁inher 7.34765625
ent 0.048248291015625
▁human 2.54296875
▁desire 1.271484375
▁for 1.00390625
▁imm 0.853515625
ort 0.0006184577941894531
ality 0.003936767578125
▁and 1.4560546875
▁the 1.1748046875
▁ult 4.23046875
imate 0.00359344482421875
▁real 4.93359375
ization 0.06170654296875
▁of 0.529296875
▁the 1.80078125
▁limitations 9.171875
▁of 0.369140625
▁man 3.90625
kind 1.02734375
. 0.61767578125
<0x0A> 1.52734375
The 0.93994140625
▁message 6.33984375
▁of 0.53857421875
▁The 3.197265625
▁Ep 0.1917724609375
ic 0.0012054443359375
▁of 0.09112548828125
▁Gil 0.0163116455078125
g 0.005992889404296875
ames 0.004642486572265625
h 0.0027523040771484375
▁is 0.91650390625
▁that 1.6181640625
▁humans 3.767578125
▁must 2.513671875
▁accept 3.361328125
▁their 0.986328125
▁mort 1.103515625
ality 0.10528564453125
▁and 0.73681640625
▁that 3.232421875
▁imm 2.814453125
ort 0.0020236968994140625
ality 0.0269927978515625
▁is 0.54052734375
▁impossible 2.734375
. 0.73583984375
<0x0A> 2.59375
The 0.65625
▁human 6.30078125
▁desire 2.337890625
▁to 1.6494140625
▁challenge 9.8359375
▁the 0.82958984375
▁gods 5.203125
' 3.26953125
▁authority 1.6640625
▁is 1.1611328125
▁shown 4.7265625
▁in 0.85546875
▁the 0.6279296875
▁message 7.29296875
. 4.40234375
<0x0A> 1.28125
The 0.48876953125
▁gods 4.5546875
' 1.591796875
▁place 8.53125
▁in 0.6279296875
▁the 0.52197265625
▁story 1.791015625
▁was 4.35546875
▁acknowled 5.90625
ged 0.0014019012451171875
▁by 1.3828125
▁the 0.576171875
▁Mes 4.15234375
op 0.00039696693420410156
ot 0.0007567405700683594
ami 0.22998046875
ans 0.0003764629364013672
. 1.0126953125
<0x0A> 0.29150390625
The 0.494140625
▁importance 5.05859375
▁of 0.025238037109375
▁this 4.48828125
▁message 2.587890625
▁goes 6.109375
▁beyond 0.362060546875
▁myth 4.79296875
ology 0.433837890625
▁and 1.4677734375
1 14.484375
- 5.1796875
6 4.21875
5 4.15625
5 2.81640625
6 3.986328125
1 2.529296875
- 1.8037109375
6 2.73046875
5 0.8056640625
5 0.203857421875
6 0.1412353515625
1 0.42529296875
- 0.41357421875
6 0.2396240234375
5 0.055999755859375
5 0.0233001708984375
6 0.0183258056640625
1 0.04571533203125
- 0.07861328125
6 0.053131103515625
5 0.018768310546875
5 0.010284423828125
6 0.00992584228515625
1 0.0275115966796875
- 0.0565185546875
6 0.048248291015625
5 0.01454925537109375
5 0.00844573974609375
6 0.00945281982421875
1 0.0210723876953125
- 0.059722900390625
6 0.046478271484375
5 0.01171875
5 0.007171630859375
6 0.00836944580078125
1 0.01479339599609375
- 0.04815673828125
6 0.025665283203125
5 0.00829315185546875
5 0.00527191162109375
6 0.006351470947265625
1 0.0096435546875
- 0.03521728515625
6 0.017578125
5 0.006198883056640625
5 0.00417327880859375
6 0.00508880615234375
1 0.007343292236328125
- 0.030609130859375
6 0.0156402587890625
5 0.004535675048828125
5 0.0031490325927734375
6 0.004261016845703125
1 0.006855010986328125
- 0.025177001953125
6 0.0134429931640625
5 0.00351715087890625
5 0.00261688232421875
6 0.00414276123046875
1 0.00603485107421875
- 0.0228729248046875
6 0.0129241943359375
5 0.0035400390625
5 0.00262451171875
6 0.0037097930908203125
1 0.005207061767578125
- 0.02099609375
6 0.0117645263671875
5 0.0031299591064453125
5 0.002269744873046875
6 0.003467559814453125
1 0.00492095947265625
- 0.0189208984375
6 0.01126861572265625
5 0.00284576416015625
5 0.002216339111328125
6 0.0033054351806640625
1 0.004425048828125
- 0.0177459716796875
6 0.0100860595703125
5 0.0028629302978515625
5 0.0020999908447265625
6 0.0031566619873046875
1 0.00438690185546875
- 0.016998291015625
6 0.0093994140625
5 0.0025501251220703125
5 0.0018396377563476562
6 0.0027141571044921875
1 0.0038928985595703125
- 0.014801025390625
6 0.00838470458984375
5 0.00225067138671875
5 0.00170135498046875
6 0.0025577545166015625
1 0.0037078857421875
- 0.01361846923828125
6 0.00801849365234375
5 0.0021610260009765625
5 0.0015859603881835938
6 0.0025348663330078125
1 0.0037860870361328125
- 0.0128173828125
6 0.0079803466796875
5 0.002292633056640625
5 0.0016536712646484375
6 0.00237274169921875
1 0.003932952880859375
- 0.01395416259765625
6 0.007511138916015625
5 0.002254486083984375
5 0.0015850067138671875
6 0.0025157928466796875
1 0.0044708251953125
- 0.0130462646484375
6 0.006862640380859375
5 0.0021228790283203125
5 0.0015382766723632812
6 0.00247955322265625
1 0.004047393798828125
- 0.01276397705078125
6 0.006465911865234375
5 0.00217437744140625
5 0.0014944076538085938
6 0.00240325927734375
1 0.004180908203125
- 0.01308441162109375
6 0.006755828857421875
5 0.002285003662109375
5 0.0015001296997070312
6 0.002498626708984375
1 0.004444122314453125
- 0.013153076171875
6 0.00670623779296875
5 0.00235748291015625
5 0.0016021728515625
6 0.00281524658203125
1 0.00469207763671875
- 0.0129547119140625
6 0.006591796875
5 0.00234222412109375
5 0.0015277862548828125
6 0.002597808837890625
1 0.00437164306640625
- 0.01229095458984375
6 0.00598907470703125
5 0.00218963623046875
5 0.0013875961303710938
6 0.00235748291015625
1 0.00406646728515625
- 0.0123443603515625
6 0.005580902099609375
5 0.0020904541015625
5 0.001369476318359375
6 0.0022640228271484375
1 0.004070281982421875
- 0.0115966796875
6 0.005451202392578125
5 0.0019893646240234375
5 0.00138092041015625
6 0.0024356842041015625
1 0.0041656494140625
- 0.0115203857421875
6 0.005222320556640625
5 0.0019626617431640625
5 0.001331329345703125
6 0.0021915435791015625
1 0.0037250518798828125
- 0.01068115234375
6 0.0049591064453125
5 0.001972198486328125
5 0.001308441162109375
6 0.0022125244140625
1 0.003787994384765625
- 0.0099029541015625
6 0.004787445068359375
5 0.0019159317016601562
5 0.0013494491577148438
6 0.002262115478515625
1 0.0038127899169921875
- 0.0097808837890625
6 0.0048065185546875
5 0.0019474029541015625
5 0.0013561248779296875
6 0.0022029876708984375
1 0.00420379638671875
- 0.01082611083984375
6 0.005191802978515625
5 0.0019969940185546875
5 0.0013141632080078125
6 0.0021686553955078125
1 0.004085540771484375
- 0.00975799560546875
6 0.0047454833984375
5 0.0018529891967773438
5 0.0012836456298828125
6 0.0020389556884765625
1 0.003887176513671875
- 0.00936126708984375
6 0.004352569580078125
5 0.0017547607421875
5 0.0012102127075195312
6 0.0020122528076171875
1 0.0037860870361328125
- 0.00881195068359375
6 0.004230499267578125
5 0.00168609619140625
5 0.0011301040649414062
6 0.0018014907836914062
1 0.0034847259521484375
- 0.008697509765625
6 0.0039005279541015625
5 0.0016908645629882812
5 0.0011386871337890625
6 0.0019054412841796875
1 0.0036411285400390625
- 0.00823211669921875
6 0.00362396240234375
5 0.0016870498657226562
5 0.0011625289916992188
6 0.0018892288208007812
1 0.0035190582275390625
- 0.007778167724609375
6 0.0032405853271484375
5 0.0015192031860351562
5 0.0010929107666015625
6 0.001705169677734375
1 0.003429412841796875
- 0.00728607177734375
6 0.003108978271484375
5 0.0015001296997070312
5 0.0010156631469726562
6 0.00159454345703125
1 0.00339508056640625
- 0.006656646728515625
6 0.0029697418212890625
5 0.0014314651489257812
5 0.0010385513305664062
6 0.0016956329345703125
1 0.0034122467041015625
- 0.006397247314453125
6 0.0028514862060546875
5 0.0014362335205078125
5 0.0010194778442382812
6 0.0016565322875976562
1 0.0034351348876953125
- 0.006439208984375
6 0.0029201507568359375
5 0.00138092041015625
5 0.0009427070617675781
6 0.0015783309936523438
1 0.0032806396484375
- 0.00640106201171875
6 0.0027980804443359375
5 0.0013513565063476562
5 0.0009236335754394531
6 0.0014743804931640625
1 0.003040313720703125
- 0.00611114501953125
6 0.002681732177734375
5 0.0013742446899414062
5 0.0009303092956542969
6 0.001567840576171875
1 0.0031604766845703125
- 0.006122589111328125
6 0.00279998779296875
5 0.0013589859008789062
5 0.0009179115295410156
6 0.0015506744384765625
1 0.0030117034912109375
- 0.00589752197265625
6 0.00286865234375
5 0.0013790130615234375
5 0.0009264945983886719
6 0.00152587890625
1 0.002902984619140625
- 0.005565643310546875
6 0.0028324127197265625
5 0.0014009475708007812
5 0.0009336471557617188
6 0.001522064208984375
1 0.002849578857421875
- 0.00537109375
6 0.0027618408203125
5 0.0013790130615234375
5 0.0009260177612304688
6 0.0014333724975585938
1 0.0029239654541015625
- 0.0057373046875
6 0.002788543701171875
5 0.00136566162109375
5 0.0008983612060546875
6 0.001499176025390625
<0x0A> 8.0078125
The 1.181640625
▁ep 2.794921875
ic 0.01291656494140625
▁expl 4.39453125
ores 0.07354736328125
▁the 0.5380859375
▁theme 2.9921875
▁of 0.10736083984375
▁imm 1.224609375
ort 0.004917144775390625
ality 0.01113128662109375
▁and 1.7587890625
▁the 0.70458984375
▁message 4.08203125
▁that 1.185546875
▁humans 2.296875
▁must 0.2861328125
▁accept 0.1513671875
▁their 0.1802978515625
▁finite 6.81640625
▁existence 2.0078125
. 0.8994140625
