▁Information 10.375
▁ 4.9921875
8 3.91015625
8 3.234375
8 1.966796875
- 4.35546875
2 3.04296875
8 2.2109375
2 4.3828125
- 1.8798828125
0 2.505859375
4 2.451171875
7 2.03125
6 3.74609375
▁ 1.869140625
8 0.53271484375
8 0.2802734375
8 0.084228515625
- 0.2037353515625
2 0.2213134765625
8 0.02508544921875
2 0.0736083984375
- 0.132080078125
0 0.07110595703125
4 0.0294647216796875
7 0.037506103515625
6 0.124755859375
▁ 0.72265625
8 0.03302001953125
8 0.0091552734375
8 0.005367279052734375
- 0.0290069580078125
2 0.013763427734375
8 0.0016908645629882812
2 0.00421142578125
- 0.0382080078125
0 0.004917144775390625
4 0.0028133392333984375
7 0.006744384765625
6 0.017578125
▁ 0.28271484375
8 0.0157012939453125
8 0.0038127899169921875
8 0.002422332763671875
- 0.0162200927734375
2 0.00804901123046875
8 0.0011224746704101562
2 0.00396728515625
- 0.01399993896484375
0 0.0034351348876953125
4 0.003997802734375
7 0.0065765380859375
6 0.0181427001953125
▁ 0.24951171875
8 0.009185791015625
8 0.002117156982421875
8 0.0013561248779296875
- 0.00997161865234375
2 0.00817108154296875
8 0.0008802413940429688
2 0.0037841796875
- 0.01198577880859375
0 0.0028839111328125
4 0.003643035888671875
7 0.00560760498046875
6 0.017303466796875
▁ 0.1978759765625
8 0.00785064697265625
8 0.0018444061279296875
8 0.0011892318725585938
- 0.00867462158203125
2 0.00807952880859375
8 0.0008134841918945312
2 0.00324249267578125
- 0.00998687744140625
0 0.0027065277099609375
4 0.003448486328125
7 0.005153656005859375
6 0.0149688720703125
▁ 0.1531982421875
8 0.00666046142578125
8 0.001781463623046875
8 0.0013561248779296875
- 0.007198333740234375
2 0.006832122802734375
8 0.0007023811340332031
2 0.0027103424072265625
- 0.014495849609375
0 0.0023021697998046875
4 0.0032749176025390625
7 0.004611968994140625
6 0.01142120361328125
▁ 0.126953125
8 0.006542205810546875
8 0.0019073486328125
8 0.0014200210571289062
- 0.00675201416015625
2 0.007595062255859375
8 0.0006575584411621094
2 0.0023860931396484375
- 0.01474761962890625
0 0.0024089813232421875
4 0.00323486328125
7 0.0047149658203125
6 0.01131439208984375
▁ 0.1162109375
8 0.006526947021484375
8 0.0017528533935546875
8 0.001201629638671875
- 0.005825042724609375
2 0.006626129150390625
8 0.0006084442138671875
2 0.002231597900390625
- 0.01465606689453125
0 0.0018835067749023438
4 0.0027751922607421875
7 0.004138946533203125
6 0.00997161865234375
▁ 0.10369873046875
8 0.005168914794921875
8 0.0016069412231445312
8 0.0010223388671875
- 0.00536346435546875
2 0.006839752197265625
8 0.0006470680236816406
2 0.0022449493408203125
- 0.01119232177734375
0 0.002086639404296875
4 0.0033359527587890625
7 0.004299163818359375
6 0.01025390625
▁ 0.08746337890625
8 0.004016876220703125
8 0.0014514923095703125
8 0.0008878707885742188
- 0.004909515380859375
2 0.0054168701171875
8 0.0005192756652832031
2 0.0020236968994140625
- 0.00835418701171875
0 0.0016231536865234375
4 0.0026397705078125
7 0.00392913818359375
6 0.00888824462890625
▁ 0.0789794921875
8 0.003570556640625
8 0.0013818740844726562
8 0.0007567405700683594
- 0.00455474853515625
2 0.004669189453125
8 0.00044846534729003906
2 0.0016765594482421875
- 0.00576019287109375
0 0.001556396484375
4 0.002368927001953125
7 0.00347137451171875
6 0.007843017578125
▁ 0.0684814453125
8 0.003009796142578125
8 0.001300811767578125
8 0.0007715225219726562
- 0.004199981689453125
2 0.004070281982421875
8 0.0004215240478515625
2 0.0016326904296875
- 0.005725860595703125
0 0.0015287399291992188
4 0.002193450927734375
7 0.003307342529296875
6 0.007648468017578125
▁ 0.05999755859375
8 0.00292205810546875
8 0.0012607574462890625
8 0.0007395744323730469
- 0.0036258697509765625
2 0.0037994384765625
8 0.00038933753967285156
2 0.0014324188232421875
- 0.005279541015625
0 0.0014371871948242188
4 0.0021514892578125
7 0.003124237060546875
6 0.006954193115234375
▁ 0.05328369140625
8 0.00269317626953125
8 0.0012178421020507812
8 0.0007252693176269531
- 0.0038604736328125
2 0.00374603271484375
8 0.0003943443298339844
2 0.0012950897216796875
- 0.0037250518798828125
0 0.0013275146484375
4 0.0019073486328125
7 0.002838134765625
6 0.00629425048828125
▁ 0.0496826171875
8 0.00246429443359375
8 0.0011272430419921875
8 0.000629425048828125
- 0.0032806396484375
2 0.003337860107421875
8 0.0003535747528076172
2 0.00116729736328125
- 0.00262451171875
0 0.0012760162353515625
4 0.0016050338745117188
7 0.002475738525390625
6 0.00562286376953125
▁ 0.045806884765625
8 0.002197265625
8 0.0010776519775390625
8 0.0005936622619628906
- 0.002902984619140625
2 0.0031337738037109375
8 0.0003256797790527344
2 0.0011281967163085938
- 0.0019702911376953125
0 0.0011911392211914062
4 0.001323699951171875
7 0.002262115478515625
6 0.00510406494140625
▁ 0.041412353515625
8 0.0019445419311523438
8 0.0010528564453125
8 0.0005583763122558594
- 0.002593994140625
2 0.002849578857421875
8 0.0002980232238769531
2 0.0010547637939453125
- 0.0018835067749023438
0 0.0011663436889648438
4 0.001232147216796875
7 0.0022678375244140625
6 0.004924774169921875
▁ 0.03887939453125
8 0.001888275146484375
8 0.0010709762573242188
8 0.0006155967712402344
- 0.0028533935546875
2 0.002765655517578125
8 0.0002651214599609375
2 0.001007080078125
- 0.002246856689453125
0 0.001068115234375
4 0.0012350082397460938
7 0.0024089813232421875
6 0.0047760009765625
▁ 0.037841796875
8 0.0018453598022460938
8 0.0010404586791992188
8 0.0006227493286132812
- 0.002811431884765625
2 0.0025501251220703125
8 0.00027298927307128906
2 0.0009632110595703125
- 0.0019817352294921875
0 0.0011844635009765625
4 0.0014352798461914062
7 0.0027065277099609375
6 0.00508880615234375
▁ 0.03704833984375
8 0.00177001953125
8 0.0010614395141601562
8 0.0005955696105957031
- 0.00270843505859375
2 0.0025691986083984375
8 0.0002605915069580078
2 0.0009036064147949219
- 0.0019102096557617188
0 0.001110076904296875
4 0.001361846923828125
7 0.00255584716796875
6 0.00469970703125
▁ 0.03460693359375
8 0.0018911361694335938
8 0.0010404586791992188
8 0.0005402565002441406
- 0.0024623870849609375
2 0.002468109130859375
8 0.00025725364685058594
2 0.0009164810180664062
- 0.001712799072265625
0 0.0010623931884765625
4 0.0013027191162109375
7 0.002552032470703125
6 0.004619598388671875
▁ 0.031951904296875
8 0.0018949508666992188
8 0.0010890960693359375
8 0.0005040168762207031
- 0.002468109130859375
2 0.0025615692138671875
8 0.0002651214599609375
2 0.0009899139404296875
- 0.001922607421875
0 0.0010690689086914062
4 0.0012645721435546875
7 0.0025081634521484375
6 0.0045928955078125
▁ 0.032318115234375
8 0.0017852783203125
8 0.001064300537109375
8 0.0004925727844238281
- 0.002399444580078125
2 0.0024089813232421875
8 0.00023734569549560547
2 0.0009541511535644531
- 0.0016489028930664062
0 0.0010280609130859375
4 0.0011577606201171875
7 0.002292633056640625
6 0.004558563232421875
▁ 0.033782958984375
8 0.0017805099487304688
8 0.001102447509765625
8 0.0005636215209960938
- 0.0024623870849609375
2 0.002288818359375
8 0.00022327899932861328
2 0.0009613037109375
- 0.002277374267578125
0 0.0009655952453613281
4 0.0011348724365234375
7 0.002349853515625
6 0.004581451416015625
▁ 0.0328369140625
8 0.0016927719116210938
8 0.0010900497436523438
8 0.0005593299865722656
- 0.0024814605712890625
2 0.0021305084228515625
8 0.00021159648895263672
2 0.0007796287536621094
- 0.0017499923706054688
0 0.0009527206420898438
4 0.0010519027709960938
7 0.002105712890625
6 0.004215240478515625
▁ 0.03143310546875
8 0.0016908645629882812
8 0.0010709762573242188
8 0.0005321502685546875
- 0.0020389556884765625
2 0.0018262863159179688
8 0.0001894235610961914
2 0.0007696151733398438
- 0.0013704299926757812
0 0.0008420944213867188
4 0.0008544921875
7 0.0019588470458984375
6 0.0037822723388671875
▁ 0.029510498046875
8 0.0016450881958007812
8 0.0010290145874023438
8 0.0004870891571044922
- 0.0016870498657226562
2 0.0017919540405273438
8 0.00018978118896484375
2 0.0007414817810058594
- 0.001049041748046875
0 0.0008096694946289062
4 0.0008544921875
7 0.0018453598022460938
6 0.0035343170166015625
▁ 0.0266876220703125
8 0.0016679763793945312
8 0.0010309219360351562
8 0.0004451274871826172
- 0.0015964508056640625
2 0.0017261505126953125
8 0.00018858909606933594
2 0.0007443428039550781
- 0.0010738372802734375
0 0.0008225440979003906
4 0.0008130073547363281
7 0.0018558502197265625
6 0.0034389495849609375
▁ 0.02532958984375
8 0.0017223358154296875
8 0.0010576248168945312
8 0.000457763671875
- 0.0016164779663085938
2 0.0016651153564453125
8 0.00016450881958007812
2 0.000667572021484375
- 0.0009407997131347656
0 0.0007395744323730469
4 0.000720977783203125
7 0.0017242431640625
6 0.003108978271484375
▁ 0.02447509765625
8 0.0016803741455078125
8 0.00101470947265625
8 0.0005006790161132812
- 0.0016450881958007812
2 0.0015897750854492188
8 0.00016629695892333984
2 0.0007081031799316406
- 0.0011005401611328125
0 0.0007963180541992188
4 0.0007305145263671875
7 0.001827239990234375
6 0.00316619873046875
▁ 0.02337646484375
8 0.0016345977783203125
8 0.001010894775390625
8 0.0005321502685546875
- 0.0015869140625
2 0.0015287399291992188
8 0.00015211105346679688
2 0.0006375312805175781
- 0.0011243820190429688
0 0.0007953643798828125
4 0.0007090568542480469
7 0.001766204833984375
6 0.003055572509765625
▁ 0.022003173828125
8 0.0016222000122070312
8 0.001010894775390625
8 0.000568389892578125
- 0.00179290771484375
2 0.0015687942504882812
8 0.00014960765838623047
2 0.0006670951843261719
- 0.0014190673828125
0 0.0007715225219726562
4 0.000743865966796875
7 0.002002716064453125
6 0.003170013427734375
▁ 0.022186279296875
8 0.0015544891357421875
8 0.0009975433349609375
8 0.00055694580078125
- 0.0017490386962890625
2 0.001506805419921875
8 0.00015151500701904297
2 0.0006356239318847656
- 0.0012769699096679688
0 0.0007748603820800781
4 0.00074005126953125
7 0.001811981201171875
6 0.003040313720703125
▁ 0.0218658447265625
8 0.0015544891357421875
8 0.0009822845458984375
8 0.0005192756652832031
- 0.00145721435546875
2 0.0014028549194335938
8 0.00015020370483398438
2 0.0006289482116699219
- 0.0010824203491210938
0 0.000713348388671875
4 0.0006203651428222656
7 0.0015668869018554688
6 0.002872467041015625
▁ 0.021453857421875
8 0.0015096664428710938
8 0.0009851455688476562
8 0.0004756450653076172
- 0.0013456344604492188
2 0.0012826919555664062
8 0.00013625621795654297
2 0.0006060600280761719
- 0.00096893310546875
0 0.0006413459777832031
4 0.0005550384521484375
7 0.001468658447265625
6 0.0026397705078125
▁ 0.0193023681640625
8 0.001445770263671875
8 0.0009756088256835938
8 0.00048065185546875
- 0.0013484954833984375
2 0.0012445449829101562
8 0.00013589859008789062
2 0.0005908012390136719
- 0.0011920928955078125
0 0.0006580352783203125
4 0.0005249977111816406
7 0.00140380859375
6 0.002597808837890625
▁ 0.01837158203125
8 0.0014009475708007812
8 0.0009794235229492188
8 0.0004978179931640625
- 0.0013027191162109375
2 0.0011463165283203125
8 0.00012230873107910156
2 0.0005674362182617188
- 0.0009784698486328125
0 0.0006566047668457031
4 0.0004987716674804688
7 0.00136566162109375
6 0.002506256103515625
▁ 0.018035888671875
8 0.0013322830200195312
8 0.0009722709655761719
8 0.0005245208740234375
- 0.0012674331665039062
2 0.0011529922485351562
8 0.00012862682342529297
2 0.0005822181701660156
- 0.0009570121765136719
0 0.0006771087646484375
4 0.0005855560302734375
7 0.0014667510986328125
6 0.002552032470703125
▁ 0.017486572265625
8 0.00136566162109375
8 0.0009937286376953125
8 0.0005345344543457031
- 0.0012350082397460938
2 0.0010957717895507812
8 0.00012767314910888672
2 0.0005364418029785156
- 0.0007653236389160156
0 0.0007138252258300781
4 0.0005788803100585938
7 0.00135040283203125
6 0.0024318695068359375
▁ 0.0168609619140625
8 0.0013675689697265625
8 0.0009984970092773438
8 0.0005121231079101562
- 0.0011501312255859375
2 0.001087188720703125
8 0.00011754035949707031
2 0.0005321502685546875
- 0.0007152557373046875
0 0.0006279945373535156
4 0.0005183219909667969
7 0.0012674331665039062
6 0.0022125244140625
▁ 0.016571044921875
8 0.0013017654418945312
8 0.0009751319885253906
8 0.0004963874816894531
- 0.0011415481567382812
2 0.0010433197021484375
8 0.00011563301086425781
2 0.0005278587341308594
- 0.0006108283996582031
0 0.0006022453308105469
4 0.0005159378051757812
7 0.001209259033203125
6 0.0021533966064453125
▁ 0.01605224609375
8 0.0012483596801757812
8 0.0009946823120117188
8 0.0004832744598388672
- 0.001033782958984375
2 0.0009784698486328125
8 0.00010502338409423828
2 0.0004940032958984375
- 0.0006208419799804688
0 0.0005803108215332031
4 0.0004911422729492188
7 0.0010499954223632812
6 0.00203704833984375
▁ 0.0157928466796875
8 0.0012054443359375
8 0.0009889602661132812
8 0.000518798828125
- 0.0011587142944335938
2 0.00096893310546875
8 9.703636169433594e-05
2 0.0004520416259765625
- 0.0006151199340820312
0 0.0005259513854980469
4 0.0004715919494628906
7 0.0009617805480957031
6 0.0019073486328125
▁ 0.0162353515625
8 0.0011272430419921875
8 0.0009713172912597656
8 0.000514984130859375
- 0.0011272430419921875
2 0.0008563995361328125
8 9.584426879882812e-05
2 0.00043892860412597656
- 0.0005717277526855469
0 0.0005335807800292969
4 0.0005035400390625
7 0.0009822845458984375
6 0.0018777847290039062
▁ 0.0152587890625
8 0.0010814666748046875
8 0.0009407997131347656
8 0.0004930496215820312
- 0.0009698867797851562
2 0.0008077621459960938
8 8.893013000488281e-05
2 0.00038504600524902344
- 0.0004410743713378906
0 0.0004982948303222656
4 0.00043654441833496094
7 0.0009031295776367188
6 0.0017614364624023438
▁ 0.014434814453125
8 0.0010700225830078125
8 0.0009331703186035156
8 0.00046062469482421875
- 0.0008788108825683594
2 0.0007791519165039062
8 8.869171142578125e-05
2 0.0003833770751953125
- 0.00044655799865722656
0 0.0004451274871826172
4 0.00040721893310546875
7 0.0009393692016601562
6 0.0017137527465820312
▁ 0.0139007568359375
8 0.001041412353515625
8 0.0009412765502929688
8 0.000457763671875
- 0.0008993148803710938
2 0.0007524490356445312
8 7.975101470947266e-05
2 0.00035452842712402344
- 0.00043773651123046875
0 0.0004253387451171875
4 0.000362396240234375
7 0.0008692741394042969
6 0.0016222000122070312
▁ 0.01355743408203125
8 0.0010356903076171875
8 0.0009369850158691406
8 0.0004591941833496094
- 0.0008287429809570312
2 0.0006966590881347656
8 7.450580596923828e-05
2 0.0003478527069091797
- 0.00043392181396484375
0 0.0004019737243652344
4 0.00031685829162597656
7 0.000797271728515625
6 0.0015516281127929688
▁ 0.01294708251953125
8 0.001007080078125
8 0.0009741783142089844
8 0.00048351287841796875
- 0.0008349418640136719
2 0.0006823539733886719
8 7.295608520507812e-05
2 0.0003514289855957031
- 0.0004723072052001953
0 0.0003886222839355469
4 0.0003268718719482422
7 0.0008134841918945312
6 0.0015163421630859375
▁ 0.0120391845703125
8 0.0010004043579101562
8 0.000965118408203125
8 0.0005044937133789062
- 0.0008215904235839844
2 0.000652313232421875
8 7.140636444091797e-05
2 0.0003561973571777344
- 0.0004391670227050781
0 0.0004162788391113281
4 0.00032901763916015625
7 0.0007777214050292969
6 0.0015277862548828125
▁ 0.0109405517578125
8 0.00098419189453125
8 0.0010042190551757812
8 0.0005125999450683594
- 0.0007758140563964844
2 0.0006508827209472656
8 6.842613220214844e-05
2 0.0003440380096435547
- 0.00041031837463378906
0 0.0004191398620605469
4 0.0003249645233154297
7 0.00080108642578125
6 0.0015268325805664062
▁ 0.01036834716796875
8 0.0009593963623046875
8 0.0010042190551757812
8 0.0005106925964355469
- 0.0007266998291015625
2 0.0006442070007324219
8 7.164478302001953e-05
2 0.00035309791564941406
- 0.0003063678741455078
0 0.00042057037353515625
4 0.0003533363342285156
7 0.0008077621459960938
6 0.0014696121215820312
▁ 0.0099639892578125
8 0.0009603500366210938
8 0.001041412353515625
8 0.0005102157592773438
- 0.0006732940673828125
2 0.0006175041198730469
8 6.639957427978516e-05
2 0.0003299713134765625
- 0.0002760887145996094
0 0.00039696693420410156
4 0.0003027915954589844
7 0.0007405281066894531
6 0.0013723373413085938
▁ 0.00948333740234375
8 0.0009360313415527344
8 0.0010576248168945312
8 0.0005373954772949219
- 0.0006914138793945312
2 0.0006189346313476562
8 6.341934204101562e-05
2 0.00031185150146484375
- 0.00027680397033691406
0 0.00037097930908203125
4 0.0002818107604980469
7 0.0007309913635253906
6 0.001323699951171875
▁ 0.00939178466796875
8 0.0008769035339355469
8 0.0010595321655273438
8 0.0005583763122558594
- 0.0007195472717285156
2 0.0005979537963867188
8 6.079673767089844e-05
2 0.00031256675720214844
- 0.0002906322479248047
0 0.0003662109375
4 0.00026917457580566406
7 0.0007348060607910156
6 0.001285552978515625
▁ 0.0093841552734375
8 0.0008497238159179688
8 0.0010433197021484375
8 0.0005841255187988281
- 0.0006661415100097656
2 0.0005793571472167969
8 5.626678466796875e-05
2 0.00030159950256347656
- 0.00028586387634277344
0 0.0003516674041748047
4 0.0002593994140625
7 0.0006504058837890625
6 0.0012388229370117188
<0x0A> 6.0078125
B 4.1015625
oth 4.671875
▁sides 3.810546875
▁of 1.6884765625
▁the 0.642578125
▁argument 4.92578125
▁have 3.1796875
▁reasonable 6.75390625
▁grounds 3.173828125
▁according 8.0234375
▁to 0.0164642333984375
▁the 0.9580078125
▁latest 5.41015625
▁processes 12.640625
▁in 2.9140625
▁cultural 10.578125
▁change 5.24609375
. 0.78466796875
<0x0A> 0.82373046875
The 2.18359375
▁strength 7.390625
▁of 0.394287109375
▁local 8.375
▁cult 3.8046875
ures 0.0038776397705078125
▁is 1.384765625
▁considered 6.046875
▁more 4.28125
▁comp 8.34375
elling 0.055450439453125
▁by 3.013671875
▁the 1.333984375
▁other 5.51171875
▁side 0.54833984375
▁of 1.87109375
▁the 0.10089111328125
▁argument 0.2197265625
. 0.6181640625
<0x0A> 0.32861328125
Since 6.60546875
▁market 8.71875
▁forces 1.9013671875
▁rule 6.76953125
▁these 5.60546875
▁processes 3.58203125
, 0.34619140625
▁the 1.408203125
▁host 9.4140625
▁cult 4.4375
ures 0.0007524490356445312
▁are 1.603515625
▁aware 7.8984375
▁of 0.32373046875
▁the 0.7763671875
▁orig 9.265625
ins 0.018585205078125
▁of 0.270751953125
▁the 1.0361328125
▁borrow 9.984375
ed 0.447265625
▁cultural 2.796875
▁clusters 11.5234375
. 0.68701171875
