▁The 3.171875
▁world 5.578125
▁outside 7.30859375
▁had 6.390625
▁ 8.7421875
8 3.42578125
8 3.392578125
8 3.619140625
- 4.046875
3 2.447265625
4 2.17578125
9 1.67578125
- 0.03851318359375
8 2.333984375
8 0.295654296875
8 0.65234375
4 2.8125
▁ 4.56640625
8 0.6455078125
8 0.07843017578125
8 0.007038116455078125
- 0.0775146484375
3 0.079345703125
4 0.0227203369140625
9 0.005504608154296875
- 0.00366973876953125
8 0.010650634765625
8 0.0014410018920898438
8 0.0016813278198242188
4 0.06939697265625
▁ 1.5732421875
8 0.07379150390625
8 0.0117950439453125
8 0.0011110305786132812
- 0.01071929931640625
3 0.01708984375
4 0.00632476806640625
9 0.0022716522216796875
- 0.0010929107666015625
8 0.00431060791015625
8 0.0009889602661132812
8 0.0009684562683105469
4 0.00942230224609375
▁ 0.669921875
8 0.033782958984375
8 0.00453948974609375
8 0.0004954338073730469
- 0.00446319580078125
3 0.01212310791015625
4 0.0036945343017578125
9 0.0011415481567382812
- 0.0006418228149414062
8 0.0021800994873046875
8 0.0008854866027832031
8 0.0005903244018554688
4 0.0035686492919921875
▁ 0.441650390625
8 0.025177001953125
8 0.003692626953125
8 0.00031304359436035156
- 0.0023021697998046875
3 0.007114410400390625
4 0.0016498565673828125
9 0.0005559921264648438
- 0.0003714561462402344
8 0.0012359619140625
8 0.0004832744598388672
8 0.0003020763397216797
4 0.001468658447265625
▁ 0.1915283203125
8 0.01317596435546875
8 0.0017805099487304688
8 0.00017893314361572266
- 0.0010318756103515625
3 0.0030975341796875
4 0.0006394386291503906
9 0.0002396106719970703
- 0.0001596212387084961
8 0.0006055831909179688
8 0.00027179718017578125
8 0.0001442432403564453
4 0.0006847381591796875
▁ 0.1295166015625
8 0.01012420654296875
8 0.0013971328735351562
8 0.00014293193817138672
- 0.0009007453918457031
3 0.002353668212890625
4 0.0004799365997314453
9 0.00015282630920410156
- 0.00011169910430908203
8 0.00047206878662109375
8 0.00025081634521484375
8 9.882450103759766e-05
4 0.0005097389221191406
▁ 0.09552001953125
8 0.00946044921875
8 0.0011758804321289062
8 0.00011205673217773438
- 0.0006966590881347656
3 0.0022983551025390625
4 0.0004551410675048828
9 0.0001348257064819336
- 7.736682891845703e-05
8 0.0004172325134277344
8 0.00020134449005126953
8 8.320808410644531e-05
4 0.0004363059997558594
▁ 0.08294677734375
8 0.00807952880859375
8 0.0010366439819335938
8 9.810924530029297e-05
- 0.0005784034729003906
3 0.00202178955078125
4 0.0003936290740966797
9 0.00011420249938964844
- 6.246566772460938e-05
8 0.0003674030303955078
8 0.00017261505126953125
8 7.367134094238281e-05
4 0.0003879070281982422
▁ 0.0748291015625
8 0.007389068603515625
8 0.0009455680847167969
8 8.52346420288086e-05
- 0.00045561790466308594
3 0.0016994476318359375
4 0.0003132820129394531
9 0.0001024007797241211
- 5.805492401123047e-05
8 0.0003101825714111328
8 0.0001074075698852539
8 6.42538070678711e-05
4 0.0003590583801269531
▁ 0.07110595703125
8 0.00701904296875
8 0.0008759498596191406
8 7.68899917602539e-05
- 0.00037097930908203125
3 0.0016889572143554688
4 0.0003056526184082031
9 9.930133819580078e-05
- 5.030632019042969e-05
8 0.00033593177795410156
8 8.320808410644531e-05
8 6.496906280517578e-05
4 0.00035071372985839844
▁ 0.0689697265625
8 0.006923675537109375
8 0.0008559226989746094
8 7.414817810058594e-05
- 0.0003800392150878906
3 0.0018100738525390625
4 0.0003399848937988281
9 0.00010335445404052734
- 4.374980926513672e-05
8 0.0003826618194580078
8 8.594989776611328e-05
8 6.580352783203125e-05
4 0.00037288665771484375
▁ 0.07025146484375
8 0.00655364990234375
8 0.0008301734924316406
8 7.283687591552734e-05
- 0.0003826618194580078
3 0.0019083023071289062
4 0.0003514289855957031
9 0.00010347366333007812
- 4.5180320739746094e-05
8 0.0004076957702636719
8 0.00010085105895996094
8 8.511543273925781e-05
4 0.00041604042053222656
▁ 0.06591796875
8 0.0063629150390625
8 0.0007996559143066406
8 6.532669067382812e-05
- 0.00032401084899902344
3 0.0020503997802734375
4 0.00033354759216308594
9 9.78708267211914e-05
- 3.790855407714844e-05
8 0.0003974437713623047
8 9.47713851928711e-05
8 7.605552673339844e-05
4 0.0003337860107421875
▁ 0.061553955078125
8 0.00574493408203125
8 0.000782012939453125
8 6.365776062011719e-05
- 0.0002923011779785156
3 0.0015935897827148438
4 0.0002765655517578125
9 8.58306884765625e-05
- 3.1948089599609375e-05
8 0.0003466606140136719
8 9.119510650634766e-05
8 7.474422454833984e-05
4 0.0003561973571777344
▁ 0.054290771484375
8 0.00547027587890625
8 0.000713348388671875
8 5.900859832763672e-05
- 0.0002751350402832031
3 0.0015811920166015625
4 0.0002663135528564453
9 7.843971252441406e-05
- 2.968311309814453e-05
8 0.0003466606140136719
8 7.665157318115234e-05
8 6.961822509765625e-05
4 0.0003001689910888672
▁ 0.048980712890625
8 0.0052947998046875
8 0.0006823539733886719
8 6.35385513305664e-05
- 0.0002529621124267578
3 0.0014095306396484375
4 0.0002391338348388672
9 6.818771362304688e-05
- 2.7298927307128906e-05
8 0.0003409385681152344
8 7.56978988647461e-05
8 6.556510925292969e-05
4 0.00028824806213378906
▁ 0.04522705078125
8 0.0050811767578125
8 0.0006322860717773438
8 5.745887756347656e-05
- 0.00019943714141845703
3 0.0012187957763671875
4 0.0002084970474243164
9 6.020069122314453e-05
- 2.384185791015625e-05
8 0.00028514862060546875
8 6.830692291259766e-05
8 6.020069122314453e-05
4 0.00024211406707763672
▁ 0.039031982421875
8 0.004650115966796875
8 0.0005955696105957031
8 5.3882598876953125e-05
- 0.0001691579818725586
3 0.0010442733764648438
4 0.00016963481903076172
9 5.221366882324219e-05
- 2.181529998779297e-05
8 0.0002639293670654297
8 6.99758529663086e-05
8 5.7697296142578125e-05
4 0.00024116039276123047
▁ 0.036285400390625
8 0.00431060791015625
8 0.0005245208740234375
8 4.9114227294921875e-05
- 0.0001678466796875
3 0.0010366439819335938
4 0.00016236305236816406
9 5.3048133850097656e-05
- 2.0623207092285156e-05
8 0.00027942657470703125
8 8.094310760498047e-05
8 5.817413330078125e-05
4 0.0002613067626953125
▁ 0.033355712890625
8 0.004146575927734375
8 0.0004963874816894531
8 4.7206878662109375e-05
- 0.00016498565673828125
3 0.00102996826171875
4 0.00015878677368164062
9 5.054473876953125e-05
- 2.0623207092285156e-05
8 0.0002884864807128906
8 7.927417755126953e-05
8 4.792213439941406e-05
4 0.0002448558807373047
▁ 0.032623291015625
8 0.003917694091796875
8 0.0004546642303466797
8 4.5418739318847656e-05
- 0.0001633167266845703
3 0.001003265380859375
4 0.00014352798461914062
9 4.7087669372558594e-05
- 2.09808349609375e-05
8 0.00027942657470703125
8 7.30752944946289e-05
8 5.245208740234375e-05
4 0.00024890899658203125
▁ 0.0302581787109375
8 0.0037937164306640625
8 0.00041985511779785156
8 3.814697265625e-05
- 0.00013887882232666016
3 0.0010395050048828125
4 0.0001405477523803711
9 4.4226646423339844e-05
- 1.9550323486328125e-05
8 0.00026607513427734375
8 5.340576171875e-05
8 3.9577484130859375e-05
4 0.00022721290588378906
▁ 0.0274200439453125
8 0.0033893585205078125
8 0.0003654956817626953
8 3.6716461181640625e-05
- 0.0001367330551147461
3 0.0009746551513671875
4 0.00014412403106689453
9 4.398822784423828e-05
- 2.014636993408203e-05
8 0.0002644062042236328
8 5.447864532470703e-05
8 4.3272972106933594e-05
4 0.00024199485778808594
▁ 0.0265960693359375
8 0.00327301025390625
8 0.0003561973571777344
8 3.707408905029297e-05
- 0.00013208389282226562
3 0.0008745193481445312
4 0.0001316070556640625
9 4.38690185546875e-05
- 1.9669532775878906e-05
8 0.00026869773864746094
8 6.99758529663086e-05
8 5.829334259033203e-05
4 0.0002510547637939453
▁ 0.0266571044921875
8 0.0031185150146484375
8 0.00033855438232421875
8 3.4332275390625e-05
- 0.00011336803436279297
3 0.00083160400390625
4 0.00011849403381347656
9 3.933906555175781e-05
- 1.919269561767578e-05
8 0.00025963783264160156
8 6.568431854248047e-05
8 4.9591064453125e-05
4 0.00021600723266601562
▁ 0.025604248046875
8 0.0030879974365234375
8 0.00031828880310058594
8 3.230571746826172e-05
- 9.989738464355469e-05
3 0.0008301734924316406
4 0.00012087821960449219
9 4.076957702636719e-05
- 1.7523765563964844e-05
8 0.0002282857894897461
8 5.710124969482422e-05
8 4.029273986816406e-05
4 0.0001800060272216797
▁ 0.0233612060546875
8 0.00287628173828125
8 0.0002849102020263672
8 3.0279159545898438e-05
- 0.00010466575622558594
3 0.0007829666137695312
4 0.00010657310485839844
9 3.612041473388672e-05
- 1.633167266845703e-05
8 0.00021004676818847656
8 3.898143768310547e-05
8 3.230571746826172e-05
4 0.0001672506332397461
▁ 0.0220184326171875
8 0.0026645660400390625
8 0.00027251243591308594
8 2.944469451904297e-05
- 0.0001100301742553711
3 0.0007205009460449219
4 0.0001016855239868164
9 3.4809112548828125e-05
- 1.6927719116210938e-05
8 0.00019943714141845703
8 4.1484832763671875e-05
8 3.4928321838378906e-05
4 0.0001742839813232422
▁ 0.0205841064453125
8 0.0025653839111328125
8 0.00024628639221191406
8 2.6106834411621094e-05
- 9.763240814208984e-05
3 0.0006709098815917969
4 9.393692016601562e-05
9 3.0159950256347656e-05
- 1.6450881958007812e-05
8 0.00017976760864257812
8 3.981590270996094e-05
8 3.266334533691406e-05
4 0.00014448165893554688
▁ 0.0191802978515625
8 0.0023345947265625
8 0.00022554397583007812
8 2.491474151611328e-05
- 8.165836334228516e-05
3 0.0006241798400878906
4 8.368492126464844e-05
9 2.682209014892578e-05
- 1.5616416931152344e-05
8 0.00016701221466064453
8 3.898143768310547e-05
8 3.2901763916015625e-05
4 0.00013768672943115234
▁ 0.0179901123046875
8 0.002208709716796875
8 0.00020647048950195312
8 2.3603439331054688e-05
- 8.666515350341797e-05
3 0.0006146430969238281
4 8.547306060791016e-05
9 2.5987625122070312e-05
- 1.5616416931152344e-05
8 0.00016236305236816406
8 3.695487976074219e-05
8 3.063678741455078e-05
4 0.00013399124145507812
▁ 0.0178375244140625
8 0.002166748046875
8 0.00019991397857666016
8 2.372264862060547e-05
- 8.320808410644531e-05
3 0.0006165504455566406
4 8.52346420288086e-05
9 2.5391578674316406e-05
- 1.5139579772949219e-05
8 0.00015819072723388672
8 2.944469451904297e-05
8 2.8371810913085938e-05
4 0.00012385845184326172
▁ 0.017852783203125
8 0.0020904541015625
8 0.0001785755157470703
8 2.181529998779297e-05
- 7.843971252441406e-05
3 0.0006103515625
4 8.046627044677734e-05
9 2.574920654296875e-05
- 1.537799835205078e-05
8 0.00016319751739501953
8 2.86102294921875e-05
8 2.47955322265625e-05
4 0.00012540817260742188
▁ 0.017364501953125
8 0.0020046234130859375
8 0.0001665353775024414
8 2.002716064453125e-05
- 6.67572021484375e-05
3 0.0005612373352050781
4 7.462501525878906e-05
9 2.3365020751953125e-05
- 1.4066696166992188e-05
8 0.000152587890625
8 2.8133392333984375e-05
8 2.2530555725097656e-05
4 0.00011110305786132812
▁ 0.0166015625
8 0.0018873214721679688
8 0.00016307830810546875
8 1.9550323486328125e-05
- 7.045269012451172e-05
3 0.0005517005920410156
4 7.37905502319336e-05
9 2.2649765014648438e-05
- 1.4066696166992188e-05
8 0.00015234947204589844
8 2.7418136596679688e-05
8 2.8014183044433594e-05
4 0.00012040138244628906
▁ 0.016448974609375
8 0.001857757568359375
8 0.0001614093780517578
8 1.895427703857422e-05
- 6.54458999633789e-05
3 0.0005674362182617188
4 7.033348083496094e-05
9 2.1338462829589844e-05
- 1.2516975402832031e-05
8 0.00015211105346679688
8 4.2319297790527344e-05
8 2.658367156982422e-05
4 0.00011479854583740234
▁ 0.0164031982421875
8 0.0017910003662109375
8 0.00015544891357421875
8 1.7642974853515625e-05
- 6.73532485961914e-05
3 0.0005235671997070312
4 6.473064422607422e-05
9 1.9788742065429688e-05
- 1.239776611328125e-05
8 0.0001443624496459961
8 3.2782554626464844e-05
8 2.4318695068359375e-05
4 0.00011348724365234375
▁ 0.016082763671875
8 0.001758575439453125
8 0.0001437664031982422
8 1.621246337890625e-05
- 5.8650970458984375e-05
3 0.0004892349243164062
4 5.638599395751953e-05
9 1.7881393432617188e-05
- 1.1444091796875e-05
8 0.00013637542724609375
8 3.123283386230469e-05
8 2.2649765014648438e-05
4 9.894371032714844e-05
▁ 0.015472412109375
8 0.0016813278198242188
8 0.00013506412506103516
8 1.5497207641601562e-05
- 5.221366882324219e-05
3 0.00048351287841796875
4 5.245208740234375e-05
9 1.704692840576172e-05
- 1.0967254638671875e-05
8 0.0001366138458251953
8 2.09808349609375e-05
8 1.7642974853515625e-05
4 9.644031524658203e-05
▁ 0.01461029052734375
8 0.0016546249389648438
8 0.00013911724090576172
8 1.621246337890625e-05
- 5.543231964111328e-05
3 0.0004742145538330078
4 5.614757537841797e-05
9 1.7881393432617188e-05
- 1.0132789611816406e-05
8 0.00013315677642822266
8 2.2530555725097656e-05
8 1.704692840576172e-05
4 0.00010073184967041016
▁ 0.01387786865234375
8 0.0015478134155273438
8 0.0001207590103149414
8 1.430511474609375e-05
- 5.412101745605469e-05
3 0.00048422813415527344
4 5.424022674560547e-05
9 1.633167266845703e-05
- 1.0013580322265625e-05
8 0.00013005733489990234
8 2.2172927856445312e-05
8 1.6570091247558594e-05
4 9.107589721679688e-05
▁ 0.0139007568359375
8 0.0014553070068359375
8 0.00011157989501953125
8 1.3113021850585938e-05
- 4.780292510986328e-05
3 0.0004813671112060547
4 5.137920379638672e-05
9 1.5616416931152344e-05
- 9.298324584960938e-06
8 0.00012600421905517578
8 2.2292137145996094e-05
8 1.5139579772949219e-05
4 8.177757263183594e-05
▁ 0.0138092041015625
8 0.00138092041015625
8 0.00010323524475097656
8 1.1801719665527344e-05
- 4.8160552978515625e-05
3 0.000396728515625
4 4.3392181396484375e-05
9 1.3470649719238281e-05
- 9.059906005859375e-06
8 0.000110626220703125
8 2.0742416381835938e-05
8 1.430511474609375e-05
4 8.118152618408203e-05
▁ 0.0135498046875
8 0.0013437271118164062
8 9.989738464355469e-05
8 1.0848045349121094e-05
- 4.780292510986328e-05
3 0.0004010200500488281
4 4.1365623474121094e-05
9 1.2278556823730469e-05
- 8.821487426757812e-06
8 0.00011277198791503906
8 1.8596649169921875e-05
8 1.3232231140136719e-05
4 7.295608520507812e-05
▁ 0.013092041015625
8 0.0013580322265625
8 9.834766387939453e-05
8 1.0251998901367188e-05
- 4.565715789794922e-05
3 0.00042057037353515625
4 4.2438507080078125e-05
9 1.1920928955078125e-05
- 8.702278137207031e-06
8 0.00011515617370605469
8 1.633167266845703e-05
8 1.2516975402832031e-05
4 7.152557373046875e-05
▁ 0.01294708251953125
8 0.0012903213500976562
8 0.00010609626770019531
8 1.1086463928222656e-05
- 4.684925079345703e-05
3 0.00038552284240722656
4 3.838539123535156e-05
9 1.1205673217773438e-05
- 8.702278137207031e-06
8 0.00010597705841064453
8 1.5974044799804688e-05
8 1.2159347534179688e-05
4 7.164478302001953e-05
▁ 0.01287078857421875
8 0.0012578964233398438
8 9.572505950927734e-05
8 1.0371208190917969e-05
- 4.601478576660156e-05
3 0.0003685951232910156
4 3.647804260253906e-05
9 1.1205673217773438e-05
- 9.059906005859375e-06
8 0.00010788440704345703
8 2.0384788513183594e-05
8 1.5497207641601562e-05
4 7.772445678710938e-05
▁ 0.0126800537109375
8 0.0012035369873046875
8 9.047985076904297e-05
8 1.049041748046875e-05
- 4.3392181396484375e-05
3 0.00037598609924316406
4 3.8743019104003906e-05
9 1.1801719665527344e-05
- 8.344650268554688e-06
8 0.00010788440704345703
8 1.6570091247558594e-05
8 1.2993812561035156e-05
4 7.76052474975586e-05
▁ 0.0127410888671875
8 0.0012359619140625
8 9.608268737792969e-05
8 1.0609626770019531e-05
- 5.066394805908203e-05
3 0.00036835670471191406
4 4.124641418457031e-05
9 1.2516975402832031e-05
- 8.940696716308594e-06
8 0.00011324882507324219
8 1.9311904907226562e-05
8 1.6927719116210938e-05
4 8.428096771240234e-05
▁ 0.0126190185546875
8 0.0012722015380859375
8 9.655952453613281e-05
8 1.0132789611816406e-05
- 4.5418739318847656e-05
3 0.00040793418884277344
4 4.1604042053222656e-05
9 1.2636184692382812e-05
- 9.417533874511719e-06
8 0.0001195669174194336
8 1.1682510375976562e-05
8 1.704692840576172e-05
4 7.450580596923828e-05
▁ 0.0122222900390625
8 0.0012502670288085938
8 8.869171142578125e-05
8 9.5367431640625e-06
- 4.124641418457031e-05
3 0.0003681182861328125
4 3.731250762939453e-05
9 1.1563301086425781e-05
- 8.702278137207031e-06
8 0.00011241436004638672
8 1.4901161193847656e-05
8 1.1682510375976562e-05
4 6.473064422607422e-05
▁ 0.01151275634765625
8 0.0012025833129882812
8 8.022785186767578e-05
8 9.059906005859375e-06
- 4.267692565917969e-05
3 0.00034117698669433594
4 3.457069396972656e-05
9 1.0967254638671875e-05
- 7.867813110351562e-06
8 0.00010573863983154297
8 1.5139579772949219e-05
8 1.2993812561035156e-05
4 6.759166717529297e-05
▁ 0.01104736328125
8 0.0011854171752929688
8 7.390975952148438e-05
8 8.821487426757812e-06
- 4.3511390686035156e-05
3 0.00031495094299316406
4 3.218650817871094e-05
9 1.0132789611816406e-05
- 8.463859558105469e-06
8 0.00010097026824951172
8 1.3113021850585938e-05
8 1.0967254638671875e-05
4 6.628036499023438e-05
<0x0A> 5.26171875
As 5.91796875
▁he 5.984375
▁p 5.890625
onder 0.52197265625
ed 0.00433349609375
▁his 2.1171875
▁purpose 6.44921875
▁in 1.12890625
▁the 2.408203125
▁ru 8.3125
ins 0.460205078125
, 1.1650390625
▁he 1.2236328125
▁heard 1.9365234375
▁a 0.7666015625
▁knock 5.0390625
▁on 1.001953125
▁the 0.319091796875
▁door 0.326171875
. 0.273193359375
<0x0A> 1.744140625
He 2.197265625
▁found 5.6328125
▁a 1.7021484375
▁little 4.99609375
▁girl 1.421875
▁standing 1.65625
▁at 2.521484375
▁his 1.5791015625
▁door 0.182861328125
step 1.8798828125
, 1.4228515625
▁her 2.443359375
▁eyes 2.228515625
▁filled 2.6484375
▁with 0.01015472412109375
▁innoc 4.484375
ence 0.31640625
▁and 0.87841796875
▁curiosity 2.357421875
, 2.615234375
▁and 1.8994140625
▁she 2.029296875
▁wore 5.125
▁t 7.16015625
atter 0.07208251953125
ed 0.0009822845458984375
▁clothes 0.88671875
▁and 1.482421875
▁bore 5.453125
▁the 1.513671875
▁signs 3.314453125
▁of 0.0126495361328125
▁the 3.615234375
▁har 3.7109375
sh 0.0031681060791015625
▁world 3.294921875
▁she 1.7119140625
▁had 1.2802734375
▁surv 3.458984375
ived 0.0003116130828857422
▁in 3.01953125
. 0.265869140625
<0x0A> 0.59765625
The 2.34375
▁man 2.10546875
▁and 5.51171875
▁the 0.2100830078125
▁girl 0.74267578125
▁shared 3.509765625
▁mem 6.953125
ories 0.00037217140197753906
▁and 1.966796875
▁created 6.46484375
▁new 1.232421875
▁ones 0.134765625
, 1.3076171875
▁while 5.10546875
▁the 1.0947265625
▁man 1.1845703125
▁taught 2.92578125
▁her 0.77978515625
▁surv 6.2421875
ival 0.0128326416015625
▁skills 0.26318359375
. 1.8203125
<0x0A> 0.66162109375
They 2.759765625
▁were 2.9453125
▁a 2.779296875
▁small 4.6640625
▁family 0.48291015625
▁in 2.40234375
▁their 3.041015625
▁san 7.54296875
ctu 0.027587890625
ary 0.0005469322204589844
. 1.9814453125
<0x0A> 0.2783203125
The 1.5703125
▁man 0.84130859375
▁and 2.224609375
▁the 0.1324462890625
▁girl 0.138427734375
▁were 2.138671875
▁determined 6.484375
▁to 0.09625244140625
▁re 3.966796875
build 0.1494140625
▁what 3.72265625
▁had 1.4365234375
▁been 0.0928955078125
▁lost 1.0380859375
, 1.40234375
▁and 0.74267578125
▁each 5.98046875
▁knock 8.84375
▁on 0.40576171875
▁the 0.253662109375
▁door 0.0264739990234375
▁was 1.4990234375
▁met 5.60546875
▁with 0.049072265625
▁hope 1.953125
. 0.974609375
