▁The 10.375
▁world 9.9375
▁outside 8.5703125
▁had 6.78125
▁ 3.92578125
8 3.033203125
8 3.20703125
8 3.455078125
- 5.36328125
3 4.16796875
4 3.1640625
9 3.048828125
- 1.673828125
8 2.6484375
8 1.134765625
8 0.98583984375
4 4.6015625
▁ 3.80859375
8 0.8427734375
8 0.27880859375
8 0.461181640625
- 2.025390625
3 1.0810546875
4 0.11798095703125
9 0.40478515625
- 0.619140625
8 0.04052734375
8 0.0128326416015625
8 0.05438232421875
4 0.370361328125
▁ 0.58203125
8 0.09283447265625
8 0.010040283203125
8 0.027374267578125
- 0.2376708984375
3 0.025665283203125
4 0.0066070556640625
9 0.01120758056640625
- 0.018280029296875
8 0.00756072998046875
8 0.001049041748046875
8 0.01434326171875
4 0.045623779296875
▁ 0.1962890625
8 0.0166778564453125
8 0.0032901763916015625
8 0.005222320556640625
- 0.057373046875
3 0.014373779296875
4 0.00905609130859375
9 0.0155792236328125
- 0.00955963134765625
8 0.0055694580078125
8 0.0007920265197753906
8 0.00612640380859375
4 0.01256561279296875
▁ 0.1607666015625
8 0.0140533447265625
8 0.0022716522216796875
8 0.002079010009765625
- 0.027099609375
3 0.00817108154296875
4 0.00577545166015625
9 0.0115203857421875
- 0.00617218017578125
8 0.00469207763671875
8 0.0007476806640625
8 0.0034275054931640625
4 0.00644683837890625
▁ 0.12408447265625
8 0.01143646240234375
8 0.002132415771484375
8 0.0016870498657226562
- 0.0215606689453125
3 0.007511138916015625
4 0.00522613525390625
9 0.0114288330078125
- 0.005405426025390625
8 0.003948211669921875
8 0.0007305145263671875
8 0.002777099609375
4 0.004459381103515625
▁ 0.0909423828125
8 0.0091400146484375
8 0.0021305084228515625
8 0.0019474029541015625
- 0.021942138671875
3 0.007396697998046875
4 0.00445556640625
9 0.0094757080078125
- 0.005970001220703125
8 0.0032806396484375
8 0.0007166862487792969
8 0.003070831298828125
4 0.00394439697265625
▁ 0.07635498046875
8 0.007801055908203125
8 0.001987457275390625
8 0.0018672943115234375
- 0.0228424072265625
3 0.00820159912109375
4 0.003997802734375
9 0.0084228515625
- 0.0053253173828125
8 0.0024166107177734375
8 0.0006899833679199219
8 0.0026988983154296875
4 0.0033092498779296875
▁ 0.06500244140625
8 0.007144927978515625
8 0.0018100738525390625
8 0.001556396484375
- 0.0206451416015625
3 0.006130218505859375
4 0.00315093994140625
9 0.00670623779296875
- 0.004863739013671875
8 0.002017974853515625
8 0.0006241798400878906
8 0.00244903564453125
4 0.00325775146484375
▁ 0.06878662109375
8 0.006427764892578125
8 0.001705169677734375
8 0.0014200210571289062
- 0.02166748046875
3 0.0069122314453125
4 0.00311279296875
9 0.006443023681640625
- 0.004425048828125
8 0.0016717910766601562
8 0.0005941390991210938
8 0.00203704833984375
4 0.002841949462890625
▁ 0.060943603515625
8 0.005702972412109375
8 0.001651763916015625
8 0.0015497207641601562
- 0.0208740234375
3 0.00594329833984375
4 0.002613067626953125
9 0.005870819091796875
- 0.00415802001953125
8 0.0015134811401367188
8 0.0005650520324707031
8 0.0019168853759765625
4 0.00278472900390625
▁ 0.05084228515625
8 0.00499725341796875
8 0.001514434814453125
8 0.0022106170654296875
- 0.0190277099609375
3 0.00450897216796875
4 0.0022029876708984375
9 0.004726409912109375
- 0.003307342529296875
8 0.001453399658203125
8 0.0004949569702148438
8 0.0015869140625
4 0.00254058837890625
▁ 0.04559326171875
8 0.0041656494140625
8 0.0012922286987304688
8 0.0013914108276367188
- 0.014739990234375
3 0.0038700103759765625
4 0.0019273757934570312
9 0.00434112548828125
- 0.002521514892578125
8 0.00122833251953125
8 0.0003991127014160156
8 0.0011730194091796875
4 0.002201080322265625
▁ 0.039459228515625
8 0.0034770965576171875
8 0.0011119842529296875
8 0.001148223876953125
- 0.01230621337890625
3 0.003032684326171875
4 0.001621246337890625
9 0.003692626953125
- 0.002086639404296875
8 0.0011281967163085938
8 0.0003910064697265625
8 0.001068115234375
4 0.002193450927734375
▁ 0.035400390625
8 0.0031795501708984375
8 0.0010118484497070312
8 0.0011005401611328125
- 0.01348876953125
3 0.0027294158935546875
4 0.0015554428100585938
9 0.0031566619873046875
- 0.0020275115966796875
8 0.001129150390625
8 0.00038933753967285156
8 0.0010242462158203125
4 0.0020294189453125
▁ 0.035736083984375
8 0.0029010772705078125
8 0.0009746551513671875
8 0.0010280609130859375
- 0.01337432861328125
3 0.0026798248291015625
4 0.0013608932495117188
9 0.0028209686279296875
- 0.0017147064208984375
8 0.00103759765625
8 0.00035834312438964844
8 0.0008196830749511719
4 0.0017290115356445312
▁ 0.035247802734375
8 0.00284576416015625
8 0.0009093284606933594
8 0.0009822845458984375
- 0.01049041748046875
3 0.0025272369384765625
4 0.0012273788452148438
9 0.0026416778564453125
- 0.001659393310546875
8 0.0009703636169433594
8 0.0003452301025390625
8 0.0007910728454589844
4 0.0015058517456054688
▁ 0.0298004150390625
8 0.00241851806640625
8 0.0008816719055175781
8 0.0011053085327148438
- 0.00897216796875
3 0.0022735595703125
4 0.0010595321655273438
9 0.0022830963134765625
- 0.0015277862548828125
8 0.000995635986328125
8 0.00033354759216308594
8 0.0007638931274414062
4 0.0013742446899414062
▁ 0.0266265869140625
8 0.0023212432861328125
8 0.0009832382202148438
8 0.00121307373046875
- 0.009307861328125
3 0.002506256103515625
4 0.0010118484497070312
9 0.002346038818359375
- 0.0015106201171875
8 0.0009765625
8 0.0003540515899658203
8 0.0008425712585449219
4 0.0013608932495117188
▁ 0.025177001953125
8 0.0021381378173828125
8 0.00090789794921875
8 0.0011873245239257812
- 0.0080718994140625
3 0.00213623046875
4 0.0009899139404296875
9 0.0022144317626953125
- 0.0014667510986328125
8 0.0010480880737304688
8 0.00036072731018066406
8 0.0008907318115234375
4 0.0014276504516601562
▁ 0.024871826171875
8 0.0020313262939453125
8 0.0008511543273925781
8 0.001026153564453125
- 0.0080108642578125
3 0.0021820068359375
4 0.0010499954223632812
9 0.002368927001953125
- 0.0014524459838867188
8 0.0009965896606445312
8 0.0003662109375
8 0.0008549690246582031
4 0.0014657974243164062
▁ 0.02496337890625
8 0.0019779205322265625
8 0.0007963180541992188
8 0.0009336471557617188
- 0.00787353515625
3 0.0023822784423828125
4 0.0010728836059570312
9 0.0025310516357421875
- 0.0014743804931640625
8 0.0010538101196289062
8 0.0003771781921386719
8 0.0007953643798828125
4 0.001430511474609375
▁ 0.0241241455078125
8 0.0019502639770507812
8 0.000782012939453125
8 0.0009551048278808594
- 0.00725555419921875
3 0.00220489501953125
4 0.0009975433349609375
9 0.0022525787353515625
- 0.0014743804931640625
8 0.0010013580322265625
8 0.0003578662872314453
8 0.0006995201110839844
4 0.001369476318359375
▁ 0.022705078125
8 0.00173187255859375
8 0.0007138252258300781
8 0.0008268356323242188
- 0.006374359130859375
3 0.0020580291748046875
4 0.0009899139404296875
9 0.002140045166015625
- 0.0012531280517578125
8 0.0009517669677734375
8 0.0003292560577392578
8 0.000621795654296875
4 0.0012483596801757812
▁ 0.0213775634765625
8 0.0016031265258789062
8 0.0007042884826660156
8 0.0008897781372070312
- 0.006175994873046875
3 0.001941680908203125
4 0.0009756088256835938
9 0.0020847320556640625
- 0.0012636184692382812
8 0.0008835792541503906
8 0.0003337860107421875
8 0.0006542205810546875
4 0.0012884140014648438
▁ 0.02056884765625
8 0.001476287841796875
8 0.0006766319274902344
8 0.0009679794311523438
- 0.00609588623046875
3 0.00185394287109375
4 0.0009832382202148438
9 0.0018405914306640625
- 0.0011358261108398438
8 0.0008897781372070312
8 0.0003046989440917969
8 0.0006337165832519531
4 0.00115966796875
▁ 0.02099609375
8 0.0014371871948242188
8 0.000637054443359375
8 0.0008487701416015625
- 0.005435943603515625
3 0.0017833709716796875
4 0.001007080078125
9 0.001941680908203125
- 0.0009889602661132812
8 0.000782012939453125
8 0.00027871131896972656
8 0.0005383491516113281
4 0.0010509490966796875
▁ 0.020843505859375
8 0.0013446807861328125
8 0.00054931640625
8 0.0007467269897460938
- 0.00460052490234375
3 0.0016736984252929688
4 0.0009589195251464844
9 0.0018367767333984375
- 0.0009441375732421875
8 0.0007343292236328125
8 0.0002665519714355469
8 0.0005207061767578125
4 0.0009703636169433594
▁ 0.0193634033203125
8 0.0012655258178710938
8 0.0005350112915039062
8 0.0007319450378417969
- 0.004306793212890625
3 0.0015659332275390625
4 0.0009031295776367188
9 0.001720428466796875
- 0.0009889602661132812
8 0.0007243156433105469
8 0.00026345252990722656
8 0.0005106925964355469
4 0.0009436607360839844
▁ 0.0183868408203125
8 0.0011720657348632812
8 0.000545501708984375
8 0.0007786750793457031
- 0.004512786865234375
3 0.0016422271728515625
4 0.0008521080017089844
9 0.0016222000122070312
- 0.0009946823120117188
8 0.0006966590881347656
8 0.00027632713317871094
8 0.0005249977111816406
4 0.000942230224609375
▁ 0.017669677734375
8 0.0011386871337890625
8 0.0005521774291992188
8 0.0007624626159667969
- 0.00429534912109375
3 0.0014934539794921875
4 0.0008511543273925781
9 0.0015687942504882812
- 0.001018524169921875
8 0.0006847381591796875
8 0.00027561187744140625
8 0.0005292892456054688
4 0.0009217262268066406
▁ 0.0167388916015625
8 0.0010271072387695312
8 0.0005393028259277344
8 0.0007634162902832031
- 0.0039520263671875
3 0.0014562606811523438
4 0.0008721351623535156
9 0.0015096664428710938
- 0.0010118484497070312
8 0.0006685256958007812
8 0.0002720355987548828
8 0.0005054473876953125
4 0.0008835792541503906
▁ 0.0165557861328125
8 0.0010223388671875
8 0.0005617141723632812
8 0.0007777214050292969
- 0.004413604736328125
3 0.0016193389892578125
4 0.00091552734375
9 0.0016736984252929688
- 0.0010805130004882812
8 0.000667572021484375
8 0.0002911090850830078
8 0.0005130767822265625
4 0.0009274482727050781
▁ 0.015777587890625
8 0.0009660720825195312
8 0.0005655288696289062
8 0.0008101463317871094
- 0.004199981689453125
3 0.0015306472778320312
4 0.00090789794921875
9 0.0014791488647460938
- 0.0010528564453125
8 0.0006842613220214844
8 0.00029015541076660156
8 0.0005068778991699219
4 0.000881195068359375
▁ 0.015777587890625
8 0.0010080337524414062
8 0.0005559921264648438
8 0.0007472038269042969
- 0.003925323486328125
3 0.0013637542724609375
4 0.00102996826171875
9 0.0016527175903320312
- 0.0009760856628417969
8 0.0006413459777832031
8 0.0002918243408203125
8 0.0004982948303222656
4 0.0008397102355957031
▁ 0.0149688720703125
8 0.0009765625
8 0.0005393028259277344
8 0.0007605552673339844
- 0.00376129150390625
3 0.0012264251708984375
4 0.0010194778442382812
9 0.0015344619750976562
- 0.0009307861328125
8 0.0006189346313476562
8 0.0002880096435546875
8 0.0004773139953613281
4 0.0008325576782226562
▁ 0.01436614990234375
8 0.0009455680847167969
8 0.0005383491516113281
8 0.0007505416870117188
- 0.0033817291259765625
3 0.0011081695556640625
4 0.0009870529174804688
9 0.0014133453369140625
- 0.0008845329284667969
8 0.0006017684936523438
8 0.00027942657470703125
8 0.0004611015319824219
4 0.0007605552673339844
▁ 0.0128021240234375
8 0.0008573532104492188
8 0.0005211830139160156
8 0.0007190704345703125
- 0.0029430389404296875
3 0.001056671142578125
4 0.0009160041809082031
9 0.0013036727905273438
- 0.00080108642578125
8 0.000583648681640625
8 0.00026535987854003906
8 0.0004284381866455078
4 0.0007276535034179688
▁ 0.01251983642578125
8 0.0008358955383300781
8 0.00051116943359375
8 0.0006899833679199219
- 0.002918243408203125
3 0.00101470947265625
4 0.0009288787841796875
9 0.0013074874877929688
- 0.0007905960083007812
8 0.0005598068237304688
8 0.0002796649932861328
8 0.0004634857177734375
4 0.0007424354553222656
▁ 0.0124359130859375
8 0.0008077621459960938
8 0.0005202293395996094
8 0.0007076263427734375
- 0.002979278564453125
3 0.0010833740234375
4 0.0009045600891113281
9 0.0012464523315429688
- 0.0008006095886230469
8 0.000606536865234375
8 0.0002837181091308594
8 0.0004646778106689453
4 0.0007367134094238281
▁ 0.012908935546875
8 0.0008530616760253906
8 0.0005321502685546875
8 0.0007262229919433594
- 0.0031490325927734375
3 0.001155853271484375
4 0.0009646415710449219
9 0.0013227462768554688
- 0.0007767677307128906
8 0.0005717277526855469
8 0.0002868175506591797
8 0.00046324729919433594
4 0.0007534027099609375
▁ 0.01357269287109375
8 0.000804901123046875
8 0.0005025863647460938
8 0.0006699562072753906
- 0.00298309326171875
3 0.0011138916015625
4 0.0009016990661621094
9 0.0012264251708984375
- 0.0007343292236328125
8 0.0005846023559570312
8 0.00027561187744140625
8 0.00044655799865722656
4 0.0007038116455078125
▁ 0.013031005859375
8 0.0007700920104980469
8 0.00048542022705078125
8 0.0006461143493652344
- 0.00269317626953125
3 0.0010051727294921875
4 0.0009026527404785156
9 0.0011577606201171875
- 0.0006985664367675781
8 0.0005221366882324219
8 0.0002677440643310547
8 0.0004436969757080078
4 0.0006885528564453125
▁ 0.01200103759765625
8 0.0006880760192871094
8 0.0004582405090332031
8 0.0006794929504394531
- 0.0027179718017578125
3 0.0010585784912109375
4 0.0008244514465332031
9 0.0011081695556640625
- 0.0007085800170898438
8 0.0005254745483398438
8 0.00026035308837890625
8 0.0004489421844482422
4 0.0007147789001464844
▁ 0.01180267333984375
8 0.0006394386291503906
8 0.000438690185546875
8 0.0006256103515625
- 0.0026607513427734375
3 0.0009326934814453125
4 0.000823974609375
9 0.0010328292846679688
- 0.0006551742553710938
8 0.0004916191101074219
8 0.0002579689025878906
8 0.0004436969757080078
4 0.0007109642028808594
▁ 0.011627197265625
8 0.0006237030029296875
8 0.0004012584686279297
8 0.0005617141723632812
- 0.0023632049560546875
3 0.0009679794311523438
4 0.0008797645568847656
9 0.001094818115234375
- 0.0006194114685058594
8 0.00045871734619140625
8 0.000247955322265625
8 0.0004284381866455078
4 0.0006532669067382812
▁ 0.01146697998046875
8 0.0006117820739746094
8 0.00037407875061035156
8 0.0005221366882324219
- 0.002231597900390625
3 0.0008425712585449219
4 0.0008840560913085938
9 0.0010881423950195312
- 0.0006060600280761719
8 0.0004451274871826172
8 0.0002532005310058594
8 0.00042557716369628906
4 0.0006561279296875
▁ 0.01111602783203125
8 0.0005970001220703125
8 0.0003676414489746094
8 0.0005087852478027344
- 0.002155303955078125
3 0.0007810592651367188
4 0.00084686279296875
9 0.0010232925415039062
- 0.000606536865234375
8 0.00045180320739746094
8 0.00024962425231933594
8 0.0004189014434814453
4 0.0006256103515625
▁ 0.010986328125
8 0.0005841255187988281
8 0.0003845691680908203
8 0.0005283355712890625
- 0.0020771026611328125
3 0.0006933212280273438
4 0.0008544921875
9 0.0010013580322265625
- 0.0006198883056640625
8 0.0004425048828125
8 0.00026154518127441406
8 0.00043463706970214844
4 0.0006136894226074219
▁ 0.01033782958984375
8 0.0005488395690917969
8 0.0003883838653564453
8 0.0005469322204589844
- 0.0020618438720703125
3 0.0006518363952636719
4 0.0008592605590820312
9 0.0009646415710449219
- 0.0006270408630371094
8 0.00045037269592285156
8 0.00026869773864746094
8 0.00044727325439453125
4 0.000598907470703125
▁ 0.01023101806640625
8 0.0005235671997070312
8 0.00040078163146972656
8 0.0005617141723632812
- 0.0021305084228515625
3 0.0006418228149414062
4 0.0008702278137207031
9 0.0009899139404296875
- 0.0006070137023925781
8 0.00046062469482421875
8 0.00027370452880859375
8 0.0004527568817138672
4 0.0005841255187988281
▁ 0.00948333740234375
8 0.0005030632019042969
8 0.0004100799560546875
8 0.0006041526794433594
- 0.0021114349365234375
3 0.0006780624389648438
4 0.0008645057678222656
9 0.0010089874267578125
- 0.0006260871887207031
8 0.00046133995056152344
8 0.00028395652770996094
8 0.0004611015319824219
4 0.0005860328674316406
▁ 0.00958251953125
8 0.0004925727844238281
8 0.00041747093200683594
8 0.0005908012390136719
- 0.0021228790283203125
3 0.0006384849548339844
4 0.0008955001831054688
9 0.0010833740234375
- 0.0006155967712402344
8 0.00047206878662109375
8 0.0002872943878173828
8 0.0004718303680419922
4 0.000591278076171875
▁ 0.0095672607421875
8 0.0005011558532714844
8 0.0004336833953857422
8 0.0006031990051269531
- 0.002201080322265625
3 0.0006537437438964844
4 0.0009613037109375
9 0.0011110305786132812
- 0.000621795654296875
8 0.0004429817199707031
8 0.0002989768981933594
8 0.0004820823669433594
4 0.0005855560302734375
<0x0A> 6.453125
As 6.09375
▁he 6.328125
▁p 6.6328125
onder 1.365234375
ed 0.004146575927734375
▁his 1.361328125
▁purpose 5.796875
▁in 0.93408203125
▁the 3.328125
▁ru 9.515625
ins 0.1859130859375
, 2.23828125
▁he 1.33984375
▁heard 3.58203125
▁a 0.95458984375
▁knock 4.78515625
▁on 1.203125
▁the 0.33740234375
▁door 0.300537109375
. 0.41455078125
<0x0A> 1.06640625
He 1.859375
▁found 5.83984375
▁a 2.130859375
▁little 4.6171875
▁girl 1.5322265625
▁standing 2.56640625
▁at 1.921875
▁his 2.65234375
▁door 0.38623046875
step 2.275390625
, 1.40625
▁her 2.669921875
▁eyes 1.853515625
▁filled 2.236328125
▁with 0.00832366943359375
▁innoc 5.62890625
ence 0.192138671875
▁and 0.8818359375
▁curiosity 3.03515625
, 2.365234375
▁and 1.8056640625
▁she 1.6767578125
▁wore 5.390625
▁t 8.0
atter 0.060028076171875
ed 0.0005726814270019531
▁clothes 1.0390625
▁and 1.3388671875
▁bore 9.0703125
▁the 1.61328125
▁signs 3.75390625
▁of 0.01384735107421875
▁the 3.4296875
▁har 3.12890625
sh 0.0168609619140625
▁world 4.3984375
▁she 0.96044921875
▁had 1.0078125
▁surv 3.86328125
ived 0.00012063980102539062
▁in 2.32421875
. 0.210205078125
<0x0A> 0.32568359375
The 2.455078125
▁man 3.6015625
▁and 5.29296875
▁the 0.36181640625
▁girl 0.91162109375
▁shared 3.748046875
▁mem 7.93359375
ories 9.775161743164062e-05
▁and 2.341796875
▁created 8.2265625
▁new 3.328125
▁ones 0.44873046875
, 1.462890625
▁while 4.75
▁the 1.37109375
▁man 1.576171875
▁taught 5.00390625
▁her 2.01171875
▁surv 6.796875
ival 0.0182037353515625
▁skills 0.2626953125
. 1.4873046875
<0x0A> 0.267578125
They 2.63671875
▁were 2.828125
▁a 3.140625
▁small 4.796875
▁family 2.013671875
▁in 3.30078125
▁their 4.04296875
▁san 9.25
ctu 0.01152801513671875
ary 0.0035800933837890625
. 1.478515625
<0x0A> 0.177734375
The 1.5986328125
▁man 0.94970703125
▁and 1.9677734375
▁the 0.1514892578125
▁girl 0.187255859375
▁were 2.224609375
▁determined 6.5390625
▁to 0.1434326171875
▁re 4.89453125
build 0.12432861328125
▁what 4.27734375
▁had 1.2509765625
▁been 0.149658203125
▁lost 1.1591796875
, 1.2978515625
▁and 0.8388671875
▁each 5.19921875
▁knock 11.28125
▁on 1.67578125
▁the 0.273193359375
▁door 0.0252838134765625
▁was 1.640625
▁met 5.578125
▁with 0.08111572265625
▁hope 4.0390625
. 0.9404296875
