▁Emma 10.375
▁had 9.21875
▁always 5.88671875
▁been 1.814453125
▁the 3.853515625
▁res 9.46875
il 3.453125
ient 3.0546875
▁one 4.9765625
, 1.9892578125
▁the 1.8525390625
▁positive 7.29296875
▁ray 8.390625
▁of 2.744140625
▁sun 3.970703125
sh 2.033203125
ine 0.1973876953125
▁in 3.958984375
▁our 5.23046875
▁group 7.91015625
▁of 1.1865234375
▁friends 2.474609375
. 1.5078125
▁She 2.931640625
▁had 2.1484375
▁an 4.6328125
▁un 3.021484375
c 1.4931640625
anny 0.0238494873046875
▁ability 1.576171875
▁to 0.184814453125
▁find 3.365234375
▁the 1.064453125
▁silver 3.796875
▁l 0.291015625
ining 0.0034694671630859375
▁even 3.56640625
▁in 0.56884765625
▁the 0.45068359375
▁dark 1.1552734375
est 0.032958984375
▁of 0.8486328125
▁times 2.16796875
. 0.4375
▁So 4.83203125
▁when 1.9482421875
▁Emma 5.17578125
▁lost 5.00390625
▁her 0.3740234375
▁job 2.03125
, 1.05859375
▁she 1.3115234375
▁was 2.26953125
▁dev 2.880859375
ast 0.007205963134765625
ated 0.0142364501953125
. 0.59765625
▁Sud 6.18359375
den 0.00768280029296875
ly 0.019775390625
, 0.974609375
▁her 2.283203125
▁confidence 6.33203125
▁sh 3.67578125
atter 0.435791015625
ed 0.0160675048828125
, 1.0078125
▁and 1.9736328125
▁she 0.95556640625
▁could 3.87890625
▁no 2.361328125
▁longer 0.02899169921875
▁see 2.6484375
▁the 0.4267578125
▁bright 2.591796875
ness 4.3046875
▁she 5.47265625
▁once 1.2705078125
▁radi 7.6953125
ated 0.0005984306335449219
. 0.5517578125
<0x0A> 1.3154296875
I 3.5
▁decided 5.2890625
▁to 0.356689453125
▁surprise 6.3671875
▁her 1.197265625
▁and 2.666015625
▁find 5.0703125
▁ 9.296875
8 4.0703125
8 4.71484375
8 2.236328125
- 3.576171875
3 3.5234375
5 2.560546875
3 1.5439453125
- 0.07537841796875
1 2.830078125
2 2.228515625
9 2.947265625
9 2.296875
▁ 3.9609375
8 0.54443359375
8 0.0950927734375
8 0.005161285400390625
- 0.05780029296875
3 0.029937744140625
5 0.004428863525390625
3 0.0021648406982421875
- 0.003314971923828125
1 0.0098114013671875
2 0.006389617919921875
9 0.006877899169921875
9 0.00496673583984375
▁ 1.5380859375
8 0.0533447265625
8 0.00536346435546875
8 0.0007848739624023438
- 0.01544952392578125
3 0.00634765625
5 0.000888824462890625
3 0.00041747093200683594
- 0.0019779205322265625
1 0.0026264190673828125
2 0.0014715194702148438
9 0.0019168853759765625
9 0.002475738525390625
▁ 0.5703125
8 0.006694793701171875
8 0.00103759765625
8 0.0002460479736328125
- 0.005702972412109375
3 0.001506805419921875
5 0.00039887428283691406
3 0.00018298625946044922
- 0.0009007453918457031
1 0.0010194778442382812
2 0.00054168701171875
9 0.0008535385131835938
9 0.0016412734985351562
▁ 0.380126953125
8 0.00655364990234375
8 0.000934600830078125
8 0.000240325927734375
- 0.004337310791015625
3 0.001094818115234375
5 0.0003719329833984375
3 0.00014698505401611328
- 0.0007600784301757812
1 0.0008630752563476562
2 0.0004305839538574219
9 0.0006465911865234375
9 0.002048492431640625
▁ 0.2464599609375
8 0.00339508056640625
8 0.0005950927734375
8 0.00017404556274414062
- 0.0029582977294921875
3 0.0007715225219726562
5 0.0003116130828857422
3 0.00010704994201660156
- 0.0005841255187988281
1 0.000537872314453125
2 0.000301361083984375
9 0.00047278404235839844
9 0.0016651153564453125
▁ 0.21923828125
8 0.0023059844970703125
8 0.00042891502380371094
8 0.00013208389282226562
- 0.002277374267578125
3 0.0005774497985839844
5 0.0002384185791015625
3 8.07046890258789e-05
- 0.00042057037353515625
1 0.0004100799560546875
2 0.00023925304412841797
9 0.00035881996154785156
9 0.0010232925415039062
▁ 0.2047119140625
8 0.00189971923828125
8 0.00039315223693847656
8 0.00011897087097167969
- 0.00185394287109375
3 0.00047850608825683594
5 0.00019311904907226562
3 6.377696990966797e-05
- 0.00032448768615722656
1 0.0003070831298828125
2 0.0001958608627319336
9 0.0002677440643310547
9 0.000789642333984375
▁ 0.175048828125
8 0.0017604827880859375
8 0.0004162788391113281
8 0.00011837482452392578
- 0.0016126632690429688
3 0.0003960132598876953
5 0.00018322467803955078
3 5.829334259033203e-05
- 0.00025343894958496094
1 0.000278472900390625
2 0.0001780986785888672
9 0.00021898746490478516
9 0.0006246566772460938
▁ 0.142578125
8 0.00152587890625
8 0.0003848075866699219
8 0.00011014938354492188
- 0.001354217529296875
3 0.0003178119659423828
5 0.00016045570373535156
3 5.3763389587402344e-05
- 0.0002224445343017578
1 0.0002570152282714844
2 0.0001678466796875
9 0.0001990795135498047
9 0.0005693435668945312
▁ 0.1319580078125
8 0.00151824951171875
8 0.0003871917724609375
8 0.00011479854583740234
- 0.001434326171875
3 0.0003058910369873047
5 0.00016796588897705078
3 5.602836608886719e-05
- 0.00020837783813476562
1 0.00024771690368652344
2 0.0001633167266845703
9 0.00017631053924560547
9 0.0004935264587402344
▁ 0.12091064453125
8 0.0014743804931640625
8 0.00035691261291503906
8 0.0001125335693359375
- 0.0013418197631835938
3 0.00027632713317871094
5 0.00015652179718017578
3 4.7087669372558594e-05
- 0.00019991397857666016
1 0.00020360946655273438
2 0.0001398324966430664
9 0.00015628337860107422
9 0.0004010200500488281
▁ 0.1080322265625
8 0.0014476776123046875
8 0.00037860870361328125
8 0.00011670589447021484
- 0.0014104843139648438
3 0.00024628639221191406
5 0.00015223026275634766
3 4.601478576660156e-05
- 0.00019466876983642578
1 0.0001823902130126953
2 0.00013589859008789062
9 0.00015616416931152344
9 0.00038313865661621094
▁ 0.1055908203125
8 0.0013952255249023438
8 0.0004017353057861328
8 0.00012552738189697266
- 0.0014200210571289062
3 0.0002415180206298828
5 0.00014090538024902344
3 4.315376281738281e-05
- 0.00017011165618896484
1 0.00017201900482177734
2 0.0001327991485595703
9 0.0001537799835205078
9 0.000392913818359375
▁ 0.0997314453125
8 0.001277923583984375
8 0.00036072731018066406
8 0.00011658668518066406
- 0.0012941360473632812
3 0.00026106834411621094
5 0.0001513957977294922
3 4.2438507080078125e-05
- 0.00014865398406982422
1 0.00016832351684570312
2 0.0001291036605834961
9 0.00015223026275634766
9 0.0003635883331298828
▁ 0.09466552734375
8 0.0014638900756835938
8 0.0003478527069091797
8 0.00010693073272705078
- 0.0010480880737304688
3 0.00023436546325683594
5 0.0001417398452758789
3 4.0531158447265625e-05
- 0.0001366138458251953
1 0.00015652179718017578
2 0.00011479854583740234
9 0.00014603137969970703
9 0.00034308433532714844
▁ 0.0828857421875
8 0.0012369155883789062
8 0.00030612945556640625
8 9.72747802734375e-05
- 0.0009937286376953125
3 0.0002269744873046875
5 0.00013875961303710938
3 4.208087921142578e-05
- 0.00012302398681640625
1 0.0001608133316040039
2 0.00011563301086425781
9 0.00013506412506103516
9 0.0003254413604736328
▁ 0.07098388671875
8 0.0010986328125
8 0.0002627372741699219
8 8.690357208251953e-05
- 0.0008726119995117188
3 0.00024437904357910156
5 0.00015115737915039062
3 4.2438507080078125e-05
- 0.00011372566223144531
1 0.00016427040100097656
2 0.00010943412780761719
9 0.00011980533599853516
9 0.0002739429473876953
▁ 0.06195068359375
8 0.0010585784912109375
8 0.00025343894958496094
8 9.071826934814453e-05
- 0.00084686279296875
3 0.0002357959747314453
5 0.00014388561248779297
3 4.112720489501953e-05
- 0.00010776519775390625
1 0.00016450881958007812
2 0.0001081228256225586
9 0.00011610984802246094
9 0.00026798248291015625
▁ 0.059356689453125
8 0.0009374618530273438
8 0.00023698806762695312
8 8.845329284667969e-05
- 0.0007801055908203125
3 0.00022339820861816406
5 0.00014162063598632812
3 3.886222839355469e-05
- 0.000102996826171875
1 0.00015485286712646484
2 9.989738464355469e-05
9 0.00011479854583740234
9 0.00025534629821777344
▁ 0.05731201171875
8 0.0009603500366210938
8 0.00022172927856445312
8 8.404254913330078e-05
- 0.0006995201110839844
3 0.00022137165069580078
5 0.0001461505889892578
3 3.8504600524902344e-05
- 0.00010097026824951172
1 0.00015807151794433594
2 0.00010073184967041016
9 0.00012183189392089844
9 0.0002598762512207031
▁ 0.05572509765625
8 0.0009899139404296875
8 0.0002124309539794922
8 8.213520050048828e-05
- 0.0006971359252929688
3 0.0002257823944091797
5 0.00014138221740722656
3 3.898143768310547e-05
- 9.584426879882812e-05
1 0.0001512765884399414
2 9.882450103759766e-05
9 0.00010788440704345703
9 0.00024890899658203125
▁ 0.054229736328125
8 0.0009627342224121094
8 0.0001952648162841797
8 7.939338684082031e-05
- 0.0006413459777832031
3 0.00021564960479736328
5 0.00013828277587890625
3 3.814697265625e-05
- 9.083747863769531e-05
1 0.0001531839370727539
2 9.918212890625e-05
9 0.00010037422180175781
9 0.00023186206817626953
▁ 0.05059814453125
8 0.0009336471557617188
8 0.00018262863159179688
8 7.56978988647461e-05
- 0.0006113052368164062
3 0.0002300739288330078
5 0.0001506805419921875
3 3.9458274841308594e-05
- 8.83340835571289e-05
1 0.00015723705291748047
2 9.906291961669922e-05
9 0.00010097026824951172
9 0.0002288818359375
▁ 0.048919677734375
8 0.0009293556213378906
8 0.00018155574798583984
8 7.867813110351562e-05
- 0.0005888938903808594
3 0.0002244710922241211
5 0.0001506805419921875
3 3.886222839355469e-05
- 8.404254913330078e-05
1 0.00016582012176513672
2 0.00010454654693603516
9 0.00010371208190917969
9 0.00023305416107177734
▁ 0.045135498046875
8 0.0009088516235351562
8 0.00017189979553222656
8 7.402896881103516e-05
- 0.0005631446838378906
3 0.0002703666687011719
5 0.00016009807586669922
3 3.707408905029297e-05
- 7.963180541992188e-05
1 0.00015628337860107422
2 0.00010085105895996094
9 9.965896606445312e-05
9 0.00021958351135253906
▁ 0.042877197265625
8 0.0010232925415039062
8 0.0001773834228515625
8 7.450580596923828e-05
- 0.0004978179931640625
3 0.00024580955505371094
5 0.00015974044799804688
3 3.6597251892089844e-05
- 7.784366607666016e-05
1 0.00015354156494140625
2 0.00010371208190917969
9 0.00010263919830322266
9 0.00022423267364501953
▁ 0.040740966796875
8 0.0009198188781738281
8 0.00016427040100097656
8 6.663799285888672e-05
- 0.00046133995056152344
3 0.00022351741790771484
5 0.00014328956604003906
3 3.4332275390625e-05
- 7.092952728271484e-05
1 0.0001398324966430664
2 9.78708267211914e-05
9 9.500980377197266e-05
9 0.00021564960479736328
▁ 0.0374755859375
8 0.0008525848388671875
8 0.00014638900756835938
8 6.16312026977539e-05
- 0.00043010711669921875
3 0.00020253658294677734
5 0.00013935565948486328
3 3.4332275390625e-05
- 7.164478302001953e-05
1 0.00013685226440429688
2 9.608268737792969e-05
9 9.059906005859375e-05
9 0.00020253658294677734
▁ 0.0345458984375
8 0.0008664131164550781
8 0.00013363361358642578
8 5.745887756347656e-05
- 0.00040793418884277344
3 0.00020360946655273438
5 0.00013339519500732422
3 3.361701965332031e-05
- 7.021427154541016e-05
1 0.00014078617095947266
2 8.821487426757812e-05
9 8.916854858398438e-05
9 0.00020551681518554688
▁ 0.03485107421875
8 0.0008635520935058594
8 0.00013363361358642578
8 5.53131103515625e-05
- 0.0003876686096191406
3 0.00019168853759765625
5 0.00013148784637451172
3 3.3855438232421875e-05
- 7.092952728271484e-05
1 0.0001442432403564453
2 8.678436279296875e-05
9 8.869171142578125e-05
9 0.00019168853759765625
▁ 0.03057861328125
8 0.0008144378662109375
8 0.00012755393981933594
8 5.2809715270996094e-05
- 0.0003838539123535156
3 0.00020575523376464844
5 0.00013017654418945312
3 3.337860107421875e-05
- 7.11679458618164e-05
1 0.0001475811004638672
2 8.618831634521484e-05
9 8.940696716308594e-05
9 0.00019240379333496094
▁ 0.0291900634765625
8 0.000812530517578125
8 0.0001291036605834961
8 5.054473876953125e-05
- 0.0003705024719238281
3 0.00019538402557373047
5 0.00012695789337158203
3 3.254413604736328e-05
- 6.973743438720703e-05
1 0.00014340877532958984
2 8.249282836914062e-05
9 8.96453857421875e-05
9 0.00019443035125732422
▁ 0.0282745361328125
8 0.0007843971252441406
8 0.00012123584747314453
8 4.589557647705078e-05
- 0.00035572052001953125
3 0.0001958608627319336
5 0.0001245737075805664
3 3.24249267578125e-05
- 6.449222564697266e-05
1 0.00014710426330566406
2 8.380413055419922e-05
9 9.381771087646484e-05
9 0.00019049644470214844
▁ 0.028472900390625
8 0.0007872581481933594
8 0.00011241436004638672
8 4.279613494873047e-05
- 0.0003364086151123047
3 0.0001920461654663086
5 0.00012564659118652344
3 3.349781036376953e-05
- 6.4849853515625e-05
1 0.000148773193359375
2 8.416175842285156e-05
9 9.620189666748047e-05
9 0.00019741058349609375
▁ 0.0287017822265625
8 0.0008220672607421875
8 0.00010848045349121094
8 4.184246063232422e-05
- 0.0003223419189453125
3 0.0002027750015258789
5 0.00012445449829101562
3 3.361701965332031e-05
- 6.389617919921875e-05
1 0.0001512765884399414
2 8.392333984375e-05
9 9.78708267211914e-05
9 0.0002015829086303711
▁ 0.027618408203125
8 0.0007920265197753906
8 0.0001016855239868164
8 3.933906555175781e-05
- 0.00031280517578125
3 0.00021123886108398438
5 0.00012445449829101562
3 3.409385681152344e-05
- 6.341934204101562e-05
1 0.00015020370483398438
2 8.45193862915039e-05
9 9.85860824584961e-05
9 0.00019800662994384766
▁ 0.02581787109375
8 0.0007853507995605469
8 9.953975677490234e-05
8 3.9696693420410156e-05
- 0.0002918243408203125
3 0.0002105236053466797
5 0.00012540817260742188
3 3.4332275390625e-05
- 6.16312026977539e-05
1 0.0001481771469116211
2 8.511543273925781e-05
9 0.00010085105895996094
9 0.00019681453704833984
▁ 0.026123046875
8 0.0007791519165039062
8 0.00010097026824951172
8 3.886222839355469e-05
- 0.00028514862060546875
3 0.00021719932556152344
5 0.00012540817260742188
3 3.504753112792969e-05
- 5.841255187988281e-05
1 0.00014650821685791016
2 8.559226989746094e-05
9 0.0001055002212524414
9 0.0002052783966064453
▁ 0.0254364013671875
8 0.000774383544921875
8 0.00010478496551513672
8 3.898143768310547e-05
- 0.00028228759765625
3 0.0002300739288330078
5 0.00013184547424316406
3 3.6597251892089844e-05
- 5.733966827392578e-05
1 0.0001506805419921875
2 8.96453857421875e-05
9 0.00010764598846435547
9 0.00020444393157958984
▁ 0.0245361328125
8 0.0008330345153808594
8 0.0001055002212524414
8 3.838539123535156e-05
- 0.00028014183044433594
3 0.00024199485778808594
5 0.0001322031021118164
3 3.719329833984375e-05
- 5.424022674560547e-05
1 0.0001512765884399414
2 8.809566497802734e-05
9 0.00010824203491210938
9 0.00020766258239746094
▁ 0.0243072509765625
8 0.0008182525634765625
8 0.00010311603546142578
8 3.6835670471191406e-05
- 0.0002753734588623047
3 0.00023746490478515625
5 0.00013148784637451172
3 3.9696693420410156e-05
- 5.435943603515625e-05
1 0.00015163421630859375
2 8.475780487060547e-05
9 0.00010597705841064453
9 0.00019991397857666016
▁ 0.0236663818359375
8 0.0008249282836914062
8 0.00010633468627929688
8 3.707408905029297e-05
- 0.00027108192443847656
3 0.00023555755615234375
5 0.00012671947479248047
3 3.981590270996094e-05
- 5.519390106201172e-05
1 0.00014984607696533203
2 8.547306060791016e-05
9 0.00010943412780761719
9 0.00020122528076171875
▁ 0.022979736328125
8 0.0008153915405273438
8 0.0001043081283569336
8 3.719329833984375e-05
- 0.0002703666687011719
3 0.0002371072769165039
5 0.00012624263763427734
3 3.802776336669922e-05
- 5.269050598144531e-05
1 0.00014579296112060547
2 8.106231689453125e-05
9 0.0001093149185180664
9 0.0001952648162841797
▁ 0.0238037109375
8 0.0008211135864257812
8 0.00010383129119873047
8 3.647804260253906e-05
- 0.00025463104248046875
3 0.00022876262664794922
5 0.00012373924255371094
3 3.695487976074219e-05
- 5.2094459533691406e-05
1 0.00014460086822509766
2 8.296966552734375e-05
9 0.00011277198791503906
9 0.00019562244415283203
▁ 0.02386474609375
8 0.0008001327514648438
8 0.00010192394256591797
8 3.457069396972656e-05
- 0.00024366378784179688
3 0.0002307891845703125
5 0.00012373924255371094
3 3.6835670471191406e-05
- 5.042552947998047e-05
1 0.00014829635620117188
2 8.499622344970703e-05
9 0.0001176595687866211
9 0.00020229816436767578
▁ 0.0238189697265625
8 0.0008025169372558594
8 9.965896606445312e-05
8 3.2782554626464844e-05
- 0.00023245811462402344
3 0.00021958351135253906
5 0.00011813640594482422
3 3.4928321838378906e-05
- 5.1140785217285156e-05
1 0.0001437664031982422
2 8.416175842285156e-05
9 0.00011157989501953125
9 0.00019228458404541016
▁ 0.0225677490234375
8 0.0007810592651367188
8 8.809566497802734e-05
8 3.063678741455078e-05
- 0.00022780895233154297
3 0.0002162456512451172
5 0.0001201629638671875
3 3.5643577575683594e-05
- 5.0902366638183594e-05
1 0.0001475811004638672
2 8.356571197509766e-05
9 0.00011324882507324219
9 0.0001932382583618164
▁ 0.0221405029296875
8 0.0007672309875488281
8 8.881092071533203e-05
8 3.0159950256347656e-05
- 0.00022602081298828125
3 0.00021123886108398438
5 0.0001157522201538086
3 3.5881996154785156e-05
- 5.042552947998047e-05
1 0.00014925003051757812
2 8.499622344970703e-05
9 0.00011157989501953125
9 0.00019359588623046875
▁ 0.0218963623046875
8 0.0007390975952148438
8 8.487701416015625e-05
8 3.039836883544922e-05
- 0.0002219676971435547
3 0.000225067138671875
5 0.00011432170867919922
3 3.457069396972656e-05
- 4.8279762268066406e-05
1 0.00015115737915039062
2 8.33272933959961e-05
9 0.00011420249938964844
9 0.0001895427703857422
▁ 0.0207672119140625
8 0.0007076263427734375
8 8.273124694824219e-05
8 3.0517578125e-05
- 0.000213623046875
3 0.0002269744873046875
5 0.0001125335693359375
3 3.504753112792969e-05
- 4.8160552978515625e-05
1 0.0001533031463623047
2 8.785724639892578e-05
9 0.00011134147644042969
9 0.00018167495727539062
<0x0A> 5.03515625
She 5.3203125
▁whisper 9.390625
ed 0.004764556884765625
, 2.287109375
▁" 0.431640625
I 1.359375
▁don 2.640625
' 0.003955841064453125
t 0.0035381317138671875
▁know 0.87646484375
▁how 1.8154296875
▁to 0.80615234375
▁get 2.845703125
▁back 2.08203125
." 2.83984375
<0x0A> 0.8466796875
With 5.703125
out 1.8515625
▁hes 2.1328125
itation 0.1424560546875
, 0.099609375
▁I 0.3017578125
▁sat 6.21484375
▁beside 3.09375
▁her 0.157470703125
▁on 1.5302734375
▁the 0.1680908203125
▁worn 8.2265625
- 3.142578125
out 0.2137451171875
▁c 1.02734375
ouch 0.0089263916015625
, 1.83984375
▁letting 6.1796875
▁her 0.52685546875
▁gr 7.15234375
ief 0.9697265625
▁and 2.9765625
▁pain 1.9228515625
▁consume 4.9609375
▁the 5.83984375
▁space 1.9169921875
▁between 1.1220703125
▁us 0.0673828125
. 0.150146484375
<0x0A> 1.5966796875
I 1.712890625
▁pulled 4.6171875
▁her 0.466064453125
▁into 1.125
▁a 2.982421875
▁comfort 5.31640625
ing 0.00942230224609375
▁em 0.59130859375
brace 6.723403930664062e-05
, 0.8935546875
▁saying 4.9609375
▁" 4.1484375
when 9.4375
▁you 1.3623046875
▁can 3.6328125
' 1.763671875
t 0.0005297660827636719
▁look 6.23828125
▁on 4.8828125
▁the 0.533203125
▁bright 0.139404296875
▁side 0.01061248779296875
, 0.6884765625
▁I 2.095703125
▁will 2.27734375
▁sit 6.90625
▁with 1.2890625
▁you 0.0692138671875
▁in 3.12890625
▁the 0.697265625
▁dark 0.36083984375
." 0.57958984375
<0x0A> 0.258056640625
Days 9.671875
▁turned 1.5419921875
▁into 0.264404296875
▁weeks 0.16650390625
, 0.85400390625
▁and 0.6650390625
▁weeks 1.8671875
▁turned 0.9072265625
▁into 0.01099395751953125
▁months 0.07861328125
. 0.4541015625
▁I 2.251953125
▁became 4.328125
▁Emma 2.94140625
' 0.056121826171875
s 0.001964569091796875
▁constant 3.173828125
▁companion 0.408203125
▁throughout 6.12109375
▁her 1.2060546875
▁journey 2.03125
▁of 2.22265625
▁self 3.552734375
- 0.116943359375
dis 0.2491455078125
cover 0.0006585121154785156
y 0.00115966796875
. 0.477783203125
▁We 3.14453125
▁del 7.6015625
ved 0.009002685546875
▁into 0.5439453125
▁the 1.015625
▁depth 2.224609375
s 0.0699462890625
▁of 0.02386474609375
▁her 0.90185546875
▁sorrow 4.8828125
, 0.82421875
▁un 4.8984375
ra 1.9931640625
vel 0.079833984375
ing 0.005840301513671875
▁the 0.791015625
▁tang 3.87109375
led 0.04681396484375
▁thoughts 6.3359375
▁that 1.53515625
▁consum 4.06640625
ed 0.0003604888916015625
▁her 0.08013916015625
. 1.5009765625
▁I 1.9599609375
▁listened 2.603515625
▁without 4.78515625
▁judgment 0.767578125
, 0.67333984375
▁allowing 3.25
▁her 0.333251953125
▁to 0.3203125
▁release 4.06640625
▁her 0.66796875
▁fear 4.05078125
s 0.15771484375
▁and 0.65185546875
▁inse 2.92578125
cur 9.334087371826172e-05
ities 0.00019025802612304688
. 0.73876953125
▁T 3.74609375
ogether 0.07275390625
, 0.14111328125
▁we 0.0899658203125
▁disse 5.83203125
cted 0.00016832351684570312
▁her 1.2255859375
▁fail 6.14453125
ures 0.10394287109375
, 0.8427734375
▁searching 5.0703125
▁for 0.075927734375
▁the 0.599609375
▁valuable 7.125
▁less 0.18505859375
ons 0.039886474609375
▁hidden 3.69921875
▁within 1.013671875
▁the 1.560546875
▁pain 2.3828125
. 0.8271484375
<0x0A> 0.76513671875
As 3.0859375
▁time 2.392578125
▁passed 0.486083984375
, 0.10186767578125
▁Emma 1.0224609375
' 1.337890625
s 0.0005040168762207031
▁g 6.25
list 6.49609375
ening 0.0011644363403320312
▁eyes 1.318359375
▁began 2.62109375
▁to 0.039276123046875
▁reg 6.796875
ain 0.02923583984375
▁their 0.277099609375
▁spark 2.283203125
le 0.07769775390625
. 0.3974609375
▁She 1.21484375
▁discovered 4.83984375
▁her 2.111328125
▁strength 2.759765625
▁lay 9.046875
▁not 1.8759765625
▁in 0.172607421875
▁pret 8.0234375
ending 0.10528564453125
▁to 0.458251953125
▁be 0.060394287109375
▁un 6.078125
break 3.181640625
able 0.001220703125
, 0.1636962890625
▁but 0.0484619140625
▁in 0.259521484375
▁accepting 2.818359375
▁her 1.099609375
▁vulner 2.1328125
ability 0.54736328125
. 0.7138671875
▁She 0.92431640625
▁learned 1.8828125
▁that 1.1552734375
▁it 3.1328125
▁was 0.705078125
▁okay 0.6787109375
▁to 0.072021484375
▁lean 4.828125
▁on 0.23828125
▁others 0.8828125
▁when 3.10546875
▁darkness 9.1796875
▁threatened 2.021484375
▁to 0.0960693359375
▁eng 2.748046875
ulf 0.0005412101745605469
▁her 0.06036376953125
. 0.316162109375
<0x0A> 1.77734375
As 3.11328125
▁she 2.619140625
▁lean 5.765625
ed 0.0006403923034667969
▁against 5.51171875
▁me 0.298828125
, 0.178955078125
▁Emma 2.46875
▁s 5.44921875
ighed 0.39453125
. 2.14453125
<0x0A> 1.97265625
" 0.3681640625
Thank 2.71875
▁you 0.0210113525390625
▁for 1.3818359375
▁sitting 3.90625
▁with 0.3603515625
▁me 0.007251739501953125
▁in 2.703125
▁the 0.1533203125
▁dark 0.11358642578125
," 1.642578125
▁she 0.2178955078125
▁whisper 0.3955078125
ed 0.00016355514526367188
▁sin 8.453125
cer 0.001110076904296875
ely 0.0011987686157226562
. 0.1641845703125
▁" 1.4892578125
You 1.7451171875
▁gave 3.6015625
▁me 0.06414794921875
▁the 1.099609375
▁courage 1.3935546875
▁to 0.1156005859375
▁face 1.8154296875
▁my 0.37939453125
▁dem 2.8125
ons 0.0006504058837890625
▁and 2.169921875
▁redis 5.59765625
cover 0.00019979476928710938
▁my 0.6357421875
▁light 1.447265625
." 0.150146484375
<0x0A> 0.02593994140625
A 4.46484375
▁te 4.34765625
ar 0.0240631103515625
▁wel 4.796875
led 0.0003037452697753906
▁in 1.27734375
▁my 0.69287109375
▁eye 0.338134765625
, 1.69140625
▁reflect 4.7421875
ing 0.0018062591552734375
▁the 0.5576171875
▁prof 6.4296875
ound 0.032745361328125
▁bond 3.931640625
▁that 1.7119140625
▁had 1.58984375
▁formed 1.427734375
▁during 4.4765625
▁those 1.8642578125
▁tum 4.265625
ult 0.00017714500427246094
uous 0.0007863044738769531
▁months 0.65283203125
. 0.09967041015625
▁We 3.5859375
▁walked 5.1171875
▁hand 1.501953125
▁in 0.845703125
▁hand 0.0023670196533203125
, 1.1201171875
▁no 5.9375
▁longer 0.1505126953125
▁afraid 2.1875
▁of 1.162109375
▁the 0.437744140625
▁sh 3.751953125
adows 0.0080108642578125
, 1.96484375
▁but 1.0625
▁grateful 4.953125
▁for 0.42724609375
▁the 0.2188720703125
▁less 5.94140625
ons 0.042388916015625
▁they 2.3984375
▁taught 0.91650390625
▁us 0.5185546875
. 0.1375732421875
<0x0A> 0.31591796875
Em 2.591796875
ma 0.004787445068359375
' 1.6455078125
s 0.002368927001953125
▁transformation 4.859375
▁rem 5.44140625
ind 0.09234619140625
ed 0.00021886825561523438
▁us 4.1640625
▁that 0.9580078125
▁there 2.97265625
▁is 0.39111328125
▁strength 3.775390625
▁in 0.11181640625
▁vulner 0.63818359375
ability 0.0020885467529296875
, 1.318359375
▁love 4.6640625
▁in 0.143310546875
▁darkness 4.2578125
, 0.08453369140625
▁and 0.11932373046875
▁hope 1.296875
▁in 0.12353515625
▁the 0.9892578125
▁depth 3.77734375
s 0.048370361328125
▁of 0.0115509033203125
▁desp 0.0716552734375
air 9.310245513916016e-05
. 0.007762908935546875
