▁The 3.169921875
▁ 3.583984375
8 3.560546875
8 3.548828125
8 2.423828125
- 2.830078125
3 3.25390625
4 2.298828125
9 2.05078125
- 0.06787109375
8 2.37109375
8 0.1754150390625
8 1.1591796875
4 4.203125
▁ 5.98046875
8 1.80859375
8 0.314697265625
8 0.006923675537109375
- 0.233154296875
3 0.11956787109375
4 0.035552978515625
9 0.010772705078125
- 0.06146240234375
8 0.061431884765625
8 0.02471923828125
8 0.02886962890625
4 0.2149658203125
▁ 2.169921875
8 0.1524658203125
8 0.03369140625
8 0.0016384124755859375
- 0.05419921875
3 0.038116455078125
4 0.018646240234375
9 0.006072998046875
- 0.007556915283203125
8 0.0229034423828125
8 0.007053375244140625
8 0.00583648681640625
4 0.046295166015625
▁ 0.58642578125
8 0.03790283203125
8 0.00827789306640625
8 0.0005054473876953125
- 0.0110015869140625
3 0.01285552978515625
4 0.0050506591796875
9 0.0016717910766601562
- 0.0024394989013671875
8 0.006649017333984375
8 0.0014514923095703125
8 0.0013675689697265625
4 0.0091094970703125
▁ 0.303466796875
8 0.0182342529296875
8 0.004032135009765625
8 0.0002856254577636719
- 0.004413604736328125
3 0.00678253173828125
4 0.0019063949584960938
9 0.0006914138793945312
- 0.0010509490966796875
8 0.0029582977294921875
8 0.0013875961303710938
8 0.000568389892578125
4 0.0030612945556640625
▁ 0.185791015625
8 0.01093292236328125
8 0.0028171539306640625
8 0.00022780895233154297
- 0.0025005340576171875
3 0.00417327880859375
4 0.0010833740234375
9 0.00040030479431152344
- 0.0006098747253417969
8 0.0017290115356445312
8 0.0006222724914550781
8 0.0003192424774169922
4 0.0017881393432617188
▁ 0.1513671875
8 0.00867462158203125
8 0.002109527587890625
8 0.00017309188842773438
- 0.0021152496337890625
3 0.0035152435302734375
4 0.0008206367492675781
9 0.0002932548522949219
- 0.0004558563232421875
8 0.001293182373046875
8 0.0005078315734863281
8 0.00024306774139404297
4 0.0013446807861328125
▁ 0.1234130859375
8 0.00719451904296875
8 0.0015888214111328125
8 0.00013756752014160156
- 0.001522064208984375
3 0.0030975341796875
4 0.0007238388061523438
9 0.00024068355560302734
- 0.00031256675720214844
8 0.0010175704956054688
8 0.0003638267517089844
8 0.00020682811737060547
4 0.0011396408081054688
▁ 0.09759521484375
8 0.0063323974609375
8 0.0013580322265625
8 0.0001316070556640625
- 0.001232147216796875
3 0.002567291259765625
4 0.0005788803100585938
9 0.00020301342010498047
- 0.00021958351135253906
8 0.0008144378662109375
8 0.0003483295440673828
8 0.000171661376953125
4 0.0009946823120117188
▁ 0.0721435546875
8 0.00563812255859375
8 0.0011234283447265625
8 0.00011157989501953125
- 0.0009665489196777344
3 0.0021076202392578125
4 0.0004432201385498047
9 0.00016355514526367188
- 0.00017786026000976562
8 0.0006594657897949219
8 0.0002760887145996094
8 0.00014221668243408203
4 0.0008244514465332031
▁ 0.06317138671875
8 0.00482177734375
8 0.0009918212890625
8 9.226799011230469e-05
- 0.000732421875
3 0.0019102096557617188
4 0.000392913818359375
9 0.00014340877532958984
- 0.00013303756713867188
8 0.0005631446838378906
8 0.00019466876983642578
8 0.00012159347534179688
4 0.0007047653198242188
▁ 0.05706787109375
8 0.0047760009765625
8 0.0009899139404296875
8 7.641315460205078e-05
- 0.0006413459777832031
3 0.0017833709716796875
4 0.0003764629364013672
9 0.00012564659118652344
- 9.47713851928711e-05
8 0.0005254745483398438
8 0.00018596649169921875
8 0.00011301040649414062
4 0.0006775856018066406
▁ 0.055267333984375
8 0.004550933837890625
8 0.0009336471557617188
8 6.937980651855469e-05
- 0.0005598068237304688
3 0.0016384124755859375
4 0.0003409385681152344
9 0.00010943412780761719
- 7.450580596923828e-05
8 0.0005044937133789062
8 0.00013911724090576172
8 9.942054748535156e-05
4 0.0006175041198730469
▁ 0.048248291015625
8 0.0041046142578125
8 0.0008339881896972656
8 5.829334259033203e-05
- 0.0004673004150390625
3 0.0015697479248046875
4 0.0002918243408203125
9 9.429454803466797e-05
- 6.568431854248047e-05
8 0.00045752525329589844
8 0.0001329183578491211
8 9.071826934814453e-05
4 0.0004982948303222656
▁ 0.0435791015625
8 0.0037212371826171875
8 0.0007982254028320312
8 5.5909156799316406e-05
- 0.0004429817199707031
3 0.00127410888671875
4 0.00024962425231933594
9 8.606910705566406e-05
- 6.0558319091796875e-05
8 0.0004138946533203125
8 0.00014269351959228516
8 0.000102996826171875
4 0.0005240440368652344
▁ 0.038970947265625
8 0.0035076141357421875
8 0.0006527900695800781
8 4.971027374267578e-05
- 0.00039768218994140625
3 0.00119781494140625
4 0.00021827220916748047
9 7.390975952148438e-05
- 5.352497100830078e-05
8 0.0003864765167236328
8 0.00012969970703125
8 9.274482727050781e-05
4 0.0004811286926269531
▁ 0.03485107421875
8 0.0032978057861328125
8 0.000591278076171875
8 4.8995018005371094e-05
- 0.00036263465881347656
3 0.0010538101196289062
4 0.00019538402557373047
9 6.651878356933594e-05
- 4.458427429199219e-05
8 0.00035953521728515625
8 9.489059448242188e-05
8 8.845329284667969e-05
4 0.00045371055603027344
▁ 0.0333251953125
8 0.0030460357666015625
8 0.0005092620849609375
8 4.38690185546875e-05
- 0.0002899169921875
3 0.0009031295776367188
4 0.00016736984252929688
9 5.543231964111328e-05
- 3.552436828613281e-05
8 0.0002963542938232422
8 7.224082946777344e-05
8 6.449222564697266e-05
4 0.0003590583801269531
▁ 0.02911376953125
8 0.002777099609375
8 0.0004487037658691406
8 3.8504600524902344e-05
- 0.00023043155670166016
3 0.0007634162902832031
4 0.00013875961303710938
9 4.7206878662109375e-05
- 3.0159950256347656e-05
8 0.00027370452880859375
8 7.30752944946289e-05
8 6.854534149169922e-05
4 0.00034880638122558594
▁ 0.026580810546875
8 0.0026149749755859375
8 0.0004329681396484375
8 3.719329833984375e-05
- 0.0002117156982421875
3 0.00072479248046875
4 0.0001348257064819336
9 4.661083221435547e-05
- 2.5153160095214844e-05
8 0.00026488304138183594
8 8.940696716308594e-05
8 6.532669067382812e-05
4 0.00036025047302246094
▁ 0.024688720703125
8 0.0026302337646484375
8 0.0004146099090576172
8 3.3020973205566406e-05
- 0.00020253658294677734
3 0.0007157325744628906
4 0.00012826919555664062
9 4.2438507080078125e-05
- 2.3126602172851562e-05
8 0.00027251243591308594
8 6.377696990966797e-05
8 6.29425048828125e-05
4 0.00038623809814453125
▁ 0.0234832763671875
8 0.002506256103515625
8 0.00037384033203125
8 3.039836883544922e-05
- 0.0001837015151977539
3 0.0006575584411621094
4 0.00011110305786132812
9 3.826618194580078e-05
- 2.372264862060547e-05
8 0.0002493858337402344
8 6.496906280517578e-05
8 6.330013275146484e-05
4 0.00035691261291503906
▁ 0.022003173828125
8 0.0023937225341796875
8 0.00035262107849121094
8 2.8252601623535156e-05
- 0.00016582012176513672
3 0.0006670951843261719
4 0.00010836124420166016
9 3.695487976074219e-05
- 2.2292137145996094e-05
8 0.00023567676544189453
8 5.0067901611328125e-05
8 4.470348358154297e-05
4 0.0003211498260498047
▁ 0.021209716796875
8 0.002162933349609375
8 0.00031113624572753906
8 2.562999725341797e-05
- 0.00015091896057128906
3 0.0006389617919921875
4 0.00011420249938964844
9 3.635883331298828e-05
- 2.086162567138672e-05
8 0.00023257732391357422
8 4.76837158203125e-05
8 4.506111145019531e-05
4 0.000324249267578125
▁ 0.0203857421875
8 0.0020389556884765625
8 0.00029587745666503906
8 2.47955322265625e-05
- 0.00014221668243408203
3 0.0006208419799804688
4 0.00010466575622558594
9 3.647804260253906e-05
- 1.9669532775878906e-05
8 0.00024068355560302734
8 7.033348083496094e-05
8 6.413459777832031e-05
4 0.0003428459167480469
▁ 0.0198974609375
8 0.0020198822021484375
8 0.0002923011779785156
8 2.4437904357910156e-05
- 0.00013136863708496094
3 0.0006170272827148438
4 0.0001010894775390625
9 3.445148468017578e-05
- 1.8358230590820312e-05
8 0.0002359151840209961
8 7.212162017822266e-05
8 5.519390106201172e-05
4 0.0002818107604980469
▁ 0.0195465087890625
8 0.002010345458984375
8 0.00028324127197265625
8 2.2292137145996094e-05
- 0.00011944770812988281
3 0.0006346702575683594
4 0.00010943412780761719
9 3.4809112548828125e-05
- 1.6927719116210938e-05
8 0.000217437744140625
8 4.744529724121094e-05
8 4.4345855712890625e-05
4 0.00023889541625976562
▁ 0.0182647705078125
8 0.0018749237060546875
8 0.0002579689025878906
8 2.110004425048828e-05
- 0.0001119375228881836
3 0.0006103515625
4 9.846687316894531e-05
9 3.2782554626464844e-05
- 1.5139579772949219e-05
8 0.00020873546600341797
8 4.100799560546875e-05
8 3.552436828613281e-05
4 0.0002372264862060547
▁ 0.01763916015625
8 0.0018215179443359375
8 0.0002562999725341797
8 2.014636993408203e-05
- 0.0001087188720703125
3 0.0005660057067871094
4 9.143352508544922e-05
9 3.1113624572753906e-05
- 1.4185905456542969e-05
8 0.00019085407257080078
8 3.790855407714844e-05
8 3.349781036376953e-05
4 0.00023794174194335938
▁ 0.01763916015625
8 0.0017719268798828125
8 0.00024580955505371094
8 1.811981201171875e-05
- 0.00010037422180175781
3 0.0005412101745605469
4 8.106231689453125e-05
9 2.6464462280273438e-05
- 1.430511474609375e-05
8 0.00017595291137695312
8 3.2901763916015625e-05
8 2.8967857360839844e-05
4 0.00019812583923339844
▁ 0.01605224609375
8 0.0016222000122070312
8 0.0002225637435913086
8 1.6927719116210938e-05
- 8.630752563476562e-05
3 0.0004603862762451172
4 6.818771362304688e-05
9 2.2172927856445312e-05
- 1.4066696166992188e-05
8 0.00015211105346679688
8 2.8848648071289062e-05
8 2.6702880859375e-05
4 0.00016796588897705078
▁ 0.01413726806640625
8 0.0015392303466796875
8 0.00019550323486328125
8 1.5735626220703125e-05
- 8.153915405273438e-05
3 0.00044226646423339844
4 6.711483001708984e-05
9 2.1457672119140625e-05
- 1.2993812561035156e-05
8 0.00014448165893554688
8 3.3974647521972656e-05
8 2.9921531677246094e-05
4 0.00016736984252929688
▁ 0.01358795166015625
8 0.001499176025390625
8 0.00018537044525146484
8 1.4901161193847656e-05
- 8.296966552734375e-05
3 0.00045228004455566406
4 6.699562072753906e-05
9 2.1457672119140625e-05
- 1.3232231140136719e-05
8 0.00015115737915039062
8 2.849102020263672e-05
8 2.6702880859375e-05
4 0.00016260147094726562
▁ 0.01363372802734375
8 0.0014944076538085938
8 0.00017249584197998047
8 1.4185905456542969e-05
- 8.475780487060547e-05
3 0.0004611015319824219
4 6.175041198730469e-05
9 2.1219253540039062e-05
- 1.3947486877441406e-05
8 0.00014841556549072266
8 2.849102020263672e-05
8 2.6941299438476562e-05
4 0.00016355514526367188
▁ 0.01345062255859375
8 0.001476287841796875
8 0.00016033649444580078
8 1.3232231140136719e-05
- 7.867813110351562e-05
3 0.0004210472106933594
4 5.936622619628906e-05
9 1.919269561767578e-05
- 1.3113021850585938e-05
8 0.00014698505401611328
8 2.658367156982422e-05
8 2.467632293701172e-05
4 0.00015854835510253906
▁ 0.012969970703125
8 0.0014123916625976562
8 0.0001443624496459961
8 1.2040138244628906e-05
- 7.474422454833984e-05
3 0.0003962516784667969
4 5.6743621826171875e-05
9 1.823902130126953e-05
- 1.2636184692382812e-05
8 0.00014579296112060547
8 3.6597251892089844e-05
8 3.0279159545898438e-05
4 0.00016200542449951172
▁ 0.01290130615234375
8 0.0014028549194335938
8 0.00014841556549072266
8 1.2040138244628906e-05
- 6.961822509765625e-05
3 0.0003974437713623047
4 5.173683166503906e-05
9 1.7523765563964844e-05
- 1.2040138244628906e-05
8 0.00014638900756835938
8 4.076957702636719e-05
8 3.135204315185547e-05
4 0.00016045570373535156
▁ 0.01290130615234375
8 0.0013904571533203125
8 0.00014710426330566406
8 1.1682510375976562e-05
- 7.092952728271484e-05
3 0.0004062652587890625
4 5.0067901611328125e-05
9 1.6689300537109375e-05
- 1.1444091796875e-05
8 0.00014317035675048828
8 3.528594970703125e-05
8 3.2067298889160156e-05
4 0.00015807151794433594
▁ 0.01277923583984375
8 0.0013761520385742188
8 0.0001354217529296875
8 1.0609626770019531e-05
- 6.687641143798828e-05
3 0.0003936290740966797
4 4.4465065002441406e-05
9 1.537799835205078e-05
- 1.1086463928222656e-05
8 0.00013685226440429688
8 3.0040740966796875e-05
8 2.8371810913085938e-05
4 0.0001308917999267578
▁ 0.01219940185546875
8 0.00128173828125
8 0.00012695789337158203
8 1.0251998901367188e-05
- 6.35385513305664e-05
3 0.0003609657287597656
4 3.9458274841308594e-05
9 1.430511474609375e-05
- 1.0848045349121094e-05
8 0.0001347064971923828
8 2.110004425048828e-05
8 1.9669532775878906e-05
4 0.00012540817260742188
▁ 0.01214599609375
8 0.0012979507446289062
8 0.00013184547424316406
8 1.0013580322265625e-05
- 6.377696990966797e-05
3 0.00035500526428222656
4 4.208087921142578e-05
9 1.4543533325195312e-05
- 9.5367431640625e-06
8 0.00012886524200439453
8 2.1219253540039062e-05
8 1.8596649169921875e-05
4 0.0001232624053955078
▁ 0.01158905029296875
8 0.00121307373046875
8 0.00011837482452392578
8 9.655952453613281e-06
- 5.626678466796875e-05
3 0.0003287792205810547
4 3.731250762939453e-05
9 1.2874603271484375e-05
- 8.821487426757812e-06
8 0.000125885009765625
8 2.014636993408203e-05
8 1.6927719116210938e-05
4 0.00011277198791503906
▁ 0.0111846923828125
8 0.0011425018310546875
8 0.00010907649993896484
8 8.463859558105469e-06
- 5.0902366638183594e-05
3 0.00030732154846191406
4 3.457069396972656e-05
9 1.1563301086425781e-05
- 8.344650268554688e-06
8 0.0001176595687866211
8 1.8596649169921875e-05
8 1.4781951904296875e-05
4 9.739398956298828e-05
▁ 0.0115509033203125
8 0.0011110305786132812
8 9.965896606445312e-05
8 7.748603820800781e-06
- 4.863739013671875e-05
3 0.00027370452880859375
4 3.0040740966796875e-05
9 1.0251998901367188e-05
- 7.867813110351562e-06
8 0.00010561943054199219
8 1.71661376953125e-05
8 1.3232231140136719e-05
4 9.572505950927734e-05
▁ 0.01117706298828125
8 0.0010585784912109375
8 9.78708267211914e-05
8 7.271766662597656e-06
- 4.6253204345703125e-05
3 0.0002720355987548828
4 2.86102294921875e-05
9 9.894371032714844e-06
- 7.271766662597656e-06
8 0.00010287761688232422
8 1.609325408935547e-05
8 1.2516975402832031e-05
4 9.083747863769531e-05
▁ 0.01123809814453125
8 0.001064300537109375
8 0.00010001659393310547
8 7.152557373046875e-06
- 4.374980926513672e-05
3 0.0002758502960205078
4 2.9802322387695312e-05
9 9.417533874511719e-06
- 6.794929504394531e-06
8 0.00010287761688232422
8 1.609325408935547e-05
8 1.2636184692382812e-05
4 8.821487426757812e-05
▁ 0.0113067626953125
8 0.0010290145874023438
8 0.00010323524475097656
8 7.033348083496094e-06
- 4.124641418457031e-05
3 0.0002598762512207031
4 2.8371810913085938e-05
9 9.417533874511719e-06
- 6.67572021484375e-06
8 9.85860824584961e-05
8 1.537799835205078e-05
8 1.2636184692382812e-05
4 9.298324584960938e-05
▁ 0.01081085205078125
8 0.0009794235229492188
8 9.679794311523438e-05
8 6.556510925292969e-06
- 3.898143768310547e-05
3 0.00025773048400878906
4 2.8252601623535156e-05
9 9.655952453613281e-06
- 6.794929504394531e-06
8 0.00010001659393310547
8 1.6927719116210938e-05
8 1.3589859008789062e-05
4 9.644031524658203e-05
▁ 0.01065826416015625
8 0.0009703636169433594
8 9.965896606445312e-05
8 6.556510925292969e-06
- 3.826618194580078e-05
3 0.00025582313537597656
4 2.944469451904297e-05
9 9.894371032714844e-06
- 6.556510925292969e-06
8 0.00010156631469726562
8 1.6570091247558594e-05
8 1.3113021850585938e-05
4 9.85860824584961e-05
▁ 0.01068115234375
8 0.0010089874267578125
8 9.989738464355469e-05
8 6.67572021484375e-06
- 3.921985626220703e-05
3 0.0002484321594238281
4 3.0040740966796875e-05
9 9.894371032714844e-06
- 6.4373016357421875e-06
8 0.00010287761688232422
8 1.8715858459472656e-05
8 1.4543533325195312e-05
4 0.0001016855239868164
▁ 0.01064300537109375
8 0.0010442733764648438
8 9.930133819580078e-05
8 6.556510925292969e-06
- 3.6597251892089844e-05
3 0.0002608299255371094
4 3.075599670410156e-05
9 9.894371032714844e-06
- 6.67572021484375e-06
8 0.00010979175567626953
8 1.919269561767578e-05
8 1.52587890625e-05
4 8.761882781982422e-05
▁ 0.01045989990234375
8 0.0010671615600585938
8 9.799003601074219e-05
8 6.318092346191406e-06
- 3.409385681152344e-05
3 0.0002505779266357422
4 2.944469451904297e-05
9 9.179115295410156e-06
- 6.079673767089844e-06
8 0.00010144710540771484
8 1.4781951904296875e-05
8 1.1682510375976562e-05
4 7.593631744384766e-05
▁ 0.01030731201171875
8 0.0010585784912109375
8 9.238719940185547e-05
8 5.9604644775390625e-06
- 3.349781036376953e-05
3 0.0002359151840209961
4 2.8014183044433594e-05
9 8.702278137207031e-06
- 5.602836608886719e-06
8 9.548664093017578e-05
8 1.5735626220703125e-05
8 1.3470649719238281e-05
4 7.915496826171875e-05
▁ 0.0098419189453125
8 0.0010385513305664062
8 8.463859558105469e-05
8 5.602836608886719e-06
- 3.170967102050781e-05
3 0.00022459030151367188
4 2.5391578674316406e-05
9 8.344650268554688e-06
- 5.364418029785156e-06
8 9.274482727050781e-05
8 1.609325408935547e-05
8 1.4066696166992188e-05
4 8.320808410644531e-05
▁ 0.00970458984375
8 0.0010690689086914062
8 8.45193862915039e-05
8 5.841255187988281e-06
- 3.0875205993652344e-05
3 0.00022661685943603516
4 2.6702880859375e-05
9 8.58306884765625e-06
- 5.364418029785156e-06
8 8.881092071533203e-05
8 1.2874603271484375e-05
8 1.1444091796875e-05
4 7.605552673339844e-05
▁ 0.00937652587890625
8 0.0009965896606445312
8 8.189678192138672e-05
8 5.4836273193359375e-06
- 2.9921531677246094e-05
3 0.00022280216217041016
4 2.574920654296875e-05
9 8.58306884765625e-06
- 5.245208740234375e-06
8 8.690357208251953e-05
8 1.2516975402832031e-05
8 1.1205673217773438e-05
4 8.785724639892578e-05
▁ 0.00917816162109375
8 0.0009503364562988281
8 8.022785186767578e-05
8 5.602836608886719e-06
- 3.0517578125e-05
3 0.0002359151840209961
4 2.8252601623535156e-05
9 9.059906005859375e-06
- 5.245208740234375e-06
8 8.690357208251953e-05
8 1.3113021850585938e-05
8 1.1205673217773438e-05
4 9.02414321899414e-05
<0x0A> 5.1015625
He 7.12109375
▁heard 9.1796875
▁a 1.6533203125
▁knock 3.447265625
▁on 0.9658203125
▁the 0.3037109375
▁door 0.1983642578125
▁as 5.0859375
▁he 0.373291015625
▁p 6.18359375
onder 0.67138671875
ed 0.007843017578125
▁his 1.8388671875
▁purpose 7.8671875
▁in 1.6865234375
▁the 2.48046875
▁ru 7.671875
ins 0.55224609375
. 0.81689453125
<0x0A> 2.03125
To 6.515625
▁his 2.341796875
▁ut 7.5390625
most 0.0001704692840576172
▁surprise 0.95654296875
, 0.311767578125
▁he 1.6416015625
▁found 2.03125
▁a 2.07421875
▁little 4.23828125
▁girl 1.5791015625
▁standing 1.333984375
▁at 2.62890625
▁his 1.46875
▁door 0.2200927734375
step 2.361328125
, 1.65625
▁her 2.720703125
▁eyes 2.267578125
▁filled 3.080078125
▁with 0.015655517578125
▁innoc 4.65625
ence 0.55322265625
▁and 0.76025390625
▁curiosity 2.572265625
. 0.2276611328125
▁She 2.03515625
▁wore 2.646484375
▁t 4.90625
atter 0.056793212890625
ed 0.001117706298828125
▁clothes 0.99951171875
▁and 0.69580078125
▁bore 4.1796875
▁the 1.5068359375
▁signs 3.197265625
▁of 0.01090240478515625
▁the 3.84765625
▁har 3.2734375
sh 0.0025730133056640625
▁world 3.6171875
▁she 1.2998046875
▁had 1.32421875
▁surv 3.859375
ived 0.0004391670227050781
▁in 2.736328125
. 0.3173828125
▁The 3.369140625
▁man 3.681640625
▁felt 3.259765625
▁a 1.2353515625
▁sur 2.77734375
ge 0.00775146484375
▁of 0.00806427001953125
▁emot 3.923828125
ions 0.00907135009765625
▁he 3.916015625
▁hadn 2.03125
' 0.94970703125
t 0.00023984909057617188
▁experienced 1.9267578125
▁in 0.2880859375
▁a 0.64306640625
▁long 0.1519775390625
▁time 0.1229248046875
▁– 5.33984375
▁hope 3.845703125
, 0.452392578125
▁joy 1.939453125
, 0.180908203125
▁and 0.90771484375
▁a 2.484375
▁renew 3.576171875
ed 0.0172576904296875
▁sense 0.64599609375
▁of 0.0027484893798828125
▁purpose 0.1717529296875
. 0.1204833984375
<0x0A> 0.548828125
As 2.28515625
▁the 1.0537109375
▁days 3.771484375
▁turned 4.453125
▁into 0.261962890625
▁weeks 0.08209228515625
, 0.35595703125
▁the 0.230712890625
▁man 0.39697265625
▁and 1.455078125
▁the 0.0274505615234375
▁girl 0.6533203125
▁established 5.22265625
▁a 0.0804443359375
▁bond 1.9892578125
▁that 1.6787109375
▁sur 3.98046875
pass 0.00232696533203125
ed 0.0013723373413085938
▁their 2.482421875
▁differences 0.89501953125
▁in 0.99951171875
▁age 0.402587890625
▁and 0.43115234375
▁experiences 4.203125
. 0.0256195068359375
▁They 1.0498046875
▁expl 2.837890625
ored 5.7220458984375e-05
▁the 0.04681396484375
▁rem 5.99609375
n 0.0032291412353515625
ants 1.1324882507324219e-05
▁of 0.011016845703125
▁the 0.5986328125
▁dec 8.1875
im 0.060211181640625
ated 0.0008392333984375
▁world 1.130859375
, 0.84521484375
▁sharing 3.1796875
▁mem 4.3359375
ories 0.00013816356658935547
, 2.166015625
▁and 3.62109375
▁creating 3.412109375
▁new 0.19287109375
▁ones 0.0208587646484375
. 0.444091796875
▁The 0.9287109375
▁man 0.36279296875
▁taught 1.4501953125
▁her 1.4345703125
▁surv 3.541015625
ival 0.002803802490234375
▁skills 0.051025390625
, 0.6005859375
▁while 0.7587890625
▁she 0.2861328125
▁brought 2.30078125
▁laugh 4.0625
ter 0.0002079010009765625
▁and 0.106689453125
▁light 1.232421875
▁back 7.12890625
▁into 0.10406494140625
▁his 0.03118896484375
▁life 0.1920166015625
. 0.044891357421875
<0x0A> 0.212646484375
They 3.6328125
▁formed 4.19921875
▁a 0.1473388671875
▁s 8.8515625
embl 0.0943603515625
ance 0.00010275840759277344
▁of 0.001544952392578125
▁a 0.156005859375
▁family 0.140625
▁in 2.548828125
▁their 2.455078125
▁tiny 3.40234375
▁san 4.31640625
ctu 0.01042938232421875
ary 0.00014889240264892578
. 1.5810546875
<0x0A> 3.1015625
The 1.6494140625
▁man 0.70263671875
▁and 2.494140625
▁the 0.07220458984375
▁girl 0.1763916015625
▁were 3.015625
▁determined 3.677734375
▁to 0.031341552734375
▁re 1.513671875
build 0.02239990234375
▁what 2.51953125
▁had 1.0712890625
▁been 0.049713134765625
▁lost 0.59228515625
, 1.1318359375
▁and 1.1337890625
▁each 5.94921875
▁knock 10.8828125
▁on 0.328369140625
▁the 0.360595703125
▁door 0.0219879150390625
▁was 2.109375
▁met 3.76953125
▁with 0.006866455078125
▁hope 1.66796875
. 2.400390625
