▁The 10.375
▁ 5.765625
8 3.21484375
8 2.767578125
8 1.458984375
- 5.15234375
3 4.609375
4 3.015625
9 3.25
- 1.671875
8 2.083984375
8 0.9130859375
8 0.720703125
4 4.703125
▁ 3.50390625
8 0.75830078125
8 0.248046875
8 0.296630859375
- 1.5322265625
3 0.626953125
4 0.0872802734375
9 0.1417236328125
- 0.397705078125
8 0.035552978515625
8 0.008819580078125
8 0.01221466064453125
4 0.0809326171875
▁ 0.6728515625
8 0.139892578125
8 0.0188446044921875
8 0.0291748046875
- 0.2156982421875
3 0.020050048828125
4 0.007205963134765625
9 0.01416015625
- 0.02044677734375
8 0.00611114501953125
8 0.0011167526245117188
8 0.004413604736328125
4 0.01419830322265625
▁ 0.268310546875
8 0.05694580078125
8 0.00577545166015625
8 0.00414276123046875
- 0.032989501953125
3 0.0172119140625
4 0.010101318359375
9 0.022247314453125
- 0.0090179443359375
8 0.00489044189453125
8 0.0010900497436523438
8 0.003414154052734375
4 0.00849151611328125
▁ 0.18896484375
8 0.0291900634765625
8 0.004848480224609375
8 0.002582550048828125
- 0.0169525146484375
3 0.01184844970703125
4 0.00536346435546875
9 0.013214111328125
- 0.005962371826171875
8 0.0036258697509765625
8 0.0007510185241699219
8 0.00229644775390625
4 0.005947113037109375
▁ 0.124755859375
8 0.02032470703125
8 0.004146575927734375
8 0.00200653076171875
- 0.01421356201171875
3 0.0104522705078125
4 0.00426483154296875
9 0.01178741455078125
- 0.00469970703125
8 0.0026397705078125
8 0.0006227493286132812
8 0.0017595291137695312
4 0.00492095947265625
▁ 0.08880615234375
8 0.01497650146484375
8 0.0036067962646484375
8 0.0021209716796875
- 0.016204833984375
3 0.00870513916015625
4 0.0034465789794921875
9 0.00933837890625
- 0.004550933837890625
8 0.002079010009765625
8 0.0005359649658203125
8 0.0015821456909179688
4 0.00376129150390625
▁ 0.07781982421875
8 0.01241302490234375
8 0.0029430389404296875
8 0.0017518997192382812
- 0.01641845703125
3 0.008575439453125
4 0.0030651092529296875
9 0.0084228515625
- 0.00400543212890625
8 0.0014886856079101562
8 0.0004093647003173828
8 0.0011920928955078125
4 0.0029449462890625
▁ 0.0673828125
8 0.010711669921875
8 0.0026111602783203125
8 0.0015087127685546875
- 0.0159912109375
3 0.00650787353515625
4 0.0022373199462890625
9 0.00649261474609375
- 0.00331878662109375
8 0.0012054443359375
8 0.0003421306610107422
8 0.0010776519775390625
4 0.002651214599609375
▁ 0.05902099609375
8 0.009124755859375
8 0.0022754669189453125
8 0.0013170242309570312
- 0.0139007568359375
3 0.007106781005859375
4 0.002574920654296875
9 0.006622314453125
- 0.0033855438232421875
8 0.001087188720703125
8 0.0003371238708496094
8 0.001018524169921875
4 0.0026302337646484375
▁ 0.051239013671875
8 0.007022857666015625
8 0.002071380615234375
8 0.0012664794921875
- 0.0107574462890625
3 0.006610870361328125
4 0.00209808349609375
9 0.00571441650390625
- 0.002857208251953125
8 0.001049041748046875
8 0.00033593177795410156
8 0.0010538101196289062
4 0.0025157928466796875
▁ 0.043853759765625
8 0.00616455078125
8 0.0018892288208007812
8 0.0013332366943359375
- 0.00954437255859375
3 0.005184173583984375
4 0.0018157958984375
9 0.00478363037109375
- 0.002407073974609375
8 0.0010509490966796875
8 0.0003032684326171875
8 0.0009031295776367188
4 0.0022296905517578125
▁ 0.04144287109375
8 0.00478363037109375
8 0.0016012191772460938
8 0.000988006591796875
- 0.0066680908203125
3 0.004398345947265625
4 0.0015697479248046875
9 0.00482940673828125
- 0.0017852783203125
8 0.0009188652038574219
8 0.0002474784851074219
8 0.0006613731384277344
4 0.0018939971923828125
▁ 0.03570556640625
8 0.004291534423828125
8 0.0013093948364257812
8 0.0007600784301757812
- 0.004878997802734375
3 0.003116607666015625
4 0.0012922286987304688
9 0.0038967132568359375
- 0.001354217529296875
8 0.0008540153503417969
8 0.00021898746490478516
8 0.000560760498046875
4 0.0017757415771484375
▁ 0.031890869140625
8 0.00379180908203125
8 0.0012102127075195312
8 0.0007491111755371094
- 0.00563812255859375
3 0.0029888153076171875
4 0.0012521743774414062
9 0.003734588623046875
- 0.0013513565063476562
8 0.0009007453918457031
8 0.00024211406707763672
8 0.0005483627319335938
4 0.0016536712646484375
▁ 0.03228759765625
8 0.003597259521484375
8 0.0011539459228515625
8 0.0006585121154785156
- 0.004856109619140625
3 0.002529144287109375
4 0.0011358261108398438
9 0.0032196044921875
- 0.0011625289916992188
8 0.0008358955383300781
8 0.00022745132446289062
8 0.00048732757568359375
4 0.0014276504516601562
▁ 0.0305023193359375
8 0.0033721923828125
8 0.0010309219360351562
8 0.0006508827209472656
- 0.004169464111328125
3 0.002262115478515625
4 0.0011043548583984375
9 0.0030956268310546875
- 0.0011949539184570312
8 0.0008230209350585938
8 0.00021529197692871094
8 0.0005049705505371094
4 0.0013446807861328125
▁ 0.02728271484375
8 0.00307464599609375
8 0.0010662078857421875
8 0.0007028579711914062
- 0.0038890838623046875
3 0.00212860107421875
4 0.0010290145874023438
9 0.0029506683349609375
- 0.001190185546875
8 0.0008406639099121094
8 0.0002218484878540039
8 0.000518798828125
4 0.0012769699096679688
▁ 0.0253448486328125
8 0.0028781890869140625
8 0.001117706298828125
8 0.0008497238159179688
- 0.00408172607421875
3 0.002407073974609375
4 0.0010213851928710938
9 0.003215789794921875
- 0.0012121200561523438
8 0.0008401870727539062
8 0.0002315044403076172
8 0.0005750656127929688
4 0.001300811767578125
▁ 0.02435302734375
8 0.0026912689208984375
8 0.0010280609130859375
8 0.0007786750793457031
- 0.00363922119140625
3 0.0019931793212890625
4 0.0009455680847167969
9 0.0029239654541015625
- 0.0011358261108398438
8 0.0008478164672851562
8 0.00023114681243896484
8 0.0005774497985839844
4 0.0013475418090820312
▁ 0.023712158203125
8 0.002536773681640625
8 0.0009527206420898438
8 0.0007410049438476562
- 0.00376129150390625
3 0.001979827880859375
4 0.0009794235229492188
9 0.00323486328125
- 0.0010843276977539062
8 0.0007925033569335938
8 0.00022530555725097656
8 0.0005326271057128906
4 0.0013246536254882812
▁ 0.0229949951171875
8 0.002361297607421875
8 0.0008592605590820312
8 0.00067138671875
- 0.003437042236328125
3 0.0020771026611328125
4 0.0010023117065429688
9 0.0033721923828125
- 0.0011138916015625
8 0.0008301734924316406
8 0.00022995471954345703
8 0.0005016326904296875
4 0.0013065338134765625
▁ 0.0226898193359375
8 0.0023593902587890625
8 0.000881195068359375
8 0.0006909370422363281
- 0.003513336181640625
3 0.0019969940185546875
4 0.0010051727294921875
9 0.0031070709228515625
- 0.0011720657348632812
8 0.0008525848388671875
8 0.00022971630096435547
8 0.0004737377166748047
4 0.0012502670288085938
▁ 0.0215911865234375
8 0.0021419525146484375
8 0.00080108642578125
8 0.0006041526794433594
- 0.0029296875
3 0.00177001953125
4 0.0009202957153320312
9 0.0027332305908203125
- 0.0009312629699707031
8 0.000766754150390625
8 0.00019824504852294922
8 0.00040030479431152344
4 0.0011129379272460938
▁ 0.0203704833984375
8 0.002010345458984375
8 0.0007882118225097656
8 0.0006399154663085938
- 0.002838134765625
3 0.0016651153564453125
4 0.0009531974792480469
9 0.002552032470703125
- 0.0009484291076660156
8 0.0007433891296386719
8 0.00020706653594970703
8 0.00042700767517089844
4 0.0011301040649414062
▁ 0.0193939208984375
8 0.0019664764404296875
8 0.000766754150390625
8 0.000640869140625
- 0.0029506683349609375
3 0.0015439987182617188
4 0.0009393692016601562
9 0.0023040771484375
- 0.0008721351623535156
8 0.0007495880126953125
8 0.00019180774688720703
8 0.00039386749267578125
4 0.0010528564453125
▁ 0.0198974609375
8 0.0018873214721679688
8 0.0007390975952148438
8 0.0005841255187988281
- 0.002681732177734375
3 0.001491546630859375
4 0.0009245872497558594
9 0.0023555755615234375
- 0.0007576942443847656
8 0.0006670951843261719
8 0.00017642974853515625
8 0.0003509521484375
4 0.0009551048278808594
▁ 0.0196685791015625
8 0.00179290771484375
8 0.0006442070007324219
8 0.0005202293395996094
- 0.0022182464599609375
3 0.0013322830200195312
4 0.0009179115295410156
9 0.0022563934326171875
- 0.0007414817810058594
8 0.0006437301635742188
8 0.00016164779663085938
8 0.0003230571746826172
4 0.0008563995361328125
▁ 0.0184173583984375
8 0.0016937255859375
8 0.0006556510925292969
8 0.0005245208740234375
- 0.0022068023681640625
3 0.0013780593872070312
4 0.0009102821350097656
9 0.002166748046875
- 0.0007710456848144531
8 0.0006518363952636719
8 0.00017130374908447266
8 0.0003294944763183594
4 0.0008645057678222656
▁ 0.0184478759765625
8 0.001583099365234375
8 0.0006618499755859375
8 0.0006012916564941406
- 0.002368927001953125
3 0.00141143798828125
4 0.0009126663208007812
9 0.00197601318359375
- 0.0008158683776855469
8 0.0006480216979980469
8 0.00018084049224853516
8 0.0003325939178466797
4 0.0008449554443359375
▁ 0.0180206298828125
8 0.0015134811401367188
8 0.0006737709045410156
8 0.0005750656127929688
- 0.002338409423828125
3 0.0013866424560546875
4 0.0009365081787109375
9 0.001941680908203125
- 0.0008459091186523438
8 0.0006480216979980469
8 0.00018417835235595703
8 0.0003364086151123047
4 0.0008492469787597656
▁ 0.0167694091796875
8 0.00142669677734375
8 0.0006737709045410156
8 0.0005931854248046875
- 0.0022296905517578125
3 0.0012331008911132812
4 0.0009379386901855469
9 0.0018863677978515625
- 0.0007815361022949219
8 0.0006089210510253906
8 0.00018012523651123047
8 0.0003120899200439453
4 0.0007829666137695312
▁ 0.0161895751953125
8 0.0013895034790039062
8 0.0006918907165527344
8 0.0006051063537597656
- 0.0024700164794921875
3 0.0013875961303710938
4 0.0010099411010742188
9 0.002079010009765625
- 0.0008473396301269531
8 0.0006012916564941406
8 0.0001933574676513672
8 0.0003199577331542969
4 0.0008382797241210938
▁ 0.0154876708984375
8 0.0013074874877929688
8 0.0006546974182128906
8 0.0005855560302734375
- 0.0023956298828125
3 0.0011892318725585938
4 0.0009746551513671875
9 0.0018663406372070312
- 0.0008077621459960938
8 0.0006055831909179688
8 0.00018739700317382812
8 0.0003082752227783203
4 0.0007758140563964844
▁ 0.01519775390625
8 0.001308441162109375
8 0.0006465911865234375
8 0.0005521774291992188
- 0.0022449493408203125
3 0.001064300537109375
4 0.0010595321655273438
9 0.002132415771484375
- 0.0007081031799316406
8 0.0005602836608886719
8 0.0001875162124633789
8 0.0003025531768798828
4 0.000743865966796875
▁ 0.01477813720703125
8 0.0012683868408203125
8 0.0006499290466308594
8 0.00057220458984375
- 0.002140045166015625
3 0.0009646415710449219
4 0.0010976791381835938
9 0.00186920166015625
- 0.0007071495056152344
8 0.0005474090576171875
8 0.00018739700317382812
8 0.0002989768981933594
4 0.0007381439208984375
▁ 0.0141143798828125
8 0.001232147216796875
8 0.0006661415100097656
8 0.00058746337890625
- 0.001972198486328125
3 0.0009336471557617188
4 0.0010700225830078125
9 0.0018186569213867188
- 0.0007190704345703125
8 0.0005583763122558594
8 0.0001842975616455078
8 0.00029587745666503906
4 0.0007228851318359375
▁ 0.01300811767578125
8 0.0011425018310546875
8 0.0006608963012695312
8 0.0005588531494140625
- 0.0017557144165039062
3 0.0009012222290039062
4 0.0010194778442382812
9 0.0016164779663085938
- 0.0006375312805175781
8 0.0005249977111816406
8 0.00017642974853515625
8 0.00027370452880859375
4 0.0006732940673828125
▁ 0.0126953125
8 0.001140594482421875
8 0.0006394386291503906
8 0.0005421638488769531
- 0.00176239013671875
3 0.00090789794921875
4 0.0010385513305664062
9 0.00168609619140625
- 0.0006508827209472656
8 0.0005245208740234375
8 0.00018799304962158203
8 0.0002951622009277344
4 0.0006690025329589844
▁ 0.0124359130859375
8 0.0011243820190429688
8 0.0006432533264160156
8 0.0005340576171875
- 0.0017528533935546875
3 0.0008993148803710938
4 0.0009832382202148438
9 0.0015916824340820312
- 0.0006165504455566406
8 0.00054931640625
8 0.0001875162124633789
8 0.000293731689453125
4 0.0006508827209472656
▁ 0.01271820068359375
8 0.0011491775512695312
8 0.0006384849548339844
8 0.0005393028259277344
- 0.0019006729125976562
3 0.0009617805480957031
4 0.0010576248168945312
9 0.0016088485717773438
- 0.0006031990051269531
8 0.0005216598510742188
8 0.00018906593322753906
8 0.0002892017364501953
4 0.0006461143493652344
▁ 0.01323699951171875
8 0.001110076904296875
8 0.0005984306335449219
8 0.000507354736328125
- 0.001773834228515625
3 0.0009088516235351562
4 0.0009756088256835938
9 0.0015125274658203125
- 0.0005846023559570312
8 0.0005273818969726562
8 0.00018107891082763672
8 0.00028133392333984375
4 0.0006184577941894531
▁ 0.0129852294921875
8 0.0010738372802734375
8 0.0005941390991210938
8 0.0004949569702148438
- 0.001682281494140625
3 0.000850677490234375
4 0.00098419189453125
9 0.0014886856079101562
- 0.0005373954772949219
8 0.000484466552734375
8 0.00017774105072021484
8 0.00027871131896972656
4 0.0005960464477539062
▁ 0.01214599609375
8 0.0009703636169433594
8 0.0005593299865722656
8 0.0005273818969726562
- 0.001712799072265625
3 0.0008983612060546875
4 0.0009021759033203125
9 0.00136566162109375
- 0.0005440711975097656
8 0.00048422813415527344
8 0.00017464160919189453
8 0.0002715587615966797
4 0.0006108283996582031
▁ 0.0120391845703125
8 0.0009107589721679688
8 0.0005331039428710938
8 0.0004916191101074219
- 0.0017528533935546875
3 0.0008115768432617188
4 0.0008878707885742188
9 0.0013608932495117188
- 0.0005030632019042969
8 0.0004603862762451172
8 0.00017023086547851562
8 0.0002751350402832031
4 0.0006351470947265625
▁ 0.011962890625
8 0.000858306884765625
8 0.00047707557678222656
8 0.0004570484161376953
- 0.0015573501586914062
3 0.0007610321044921875
4 0.0009140968322753906
9 0.0014047622680664062
- 0.0004584789276123047
8 0.00041484832763671875
8 0.0001583099365234375
8 0.00024962425231933594
4 0.0005679130554199219
▁ 0.01194000244140625
8 0.000827789306640625
8 0.0004680156707763672
8 0.0004374980926513672
- 0.0015010833740234375
3 0.0007181167602539062
4 0.0009675025939941406
9 0.0013790130615234375
- 0.0004811286926269531
8 0.0004343986511230469
8 0.000171661376953125
8 0.0002696514129638672
4 0.0005869865417480469
▁ 0.01202392578125
8 0.0008101463317871094
8 0.0004582405090332031
8 0.00044727325439453125
- 0.0014705657958984375
3 0.0006747245788574219
4 0.000995635986328125
9 0.0013179779052734375
- 0.0005197525024414062
8 0.0004591941833496094
8 0.00018095970153808594
8 0.00029015541076660156
4 0.0005741119384765625
▁ 0.011749267578125
8 0.0007643699645996094
8 0.00047588348388671875
8 0.00045108795166015625
- 0.0014171600341796875
3 0.0006508827209472656
4 0.0010404586791992188
9 0.0012769699096679688
- 0.0005059242248535156
8 0.000457763671875
8 0.0001894235610961914
8 0.00029850006103515625
4 0.0005602836608886719
▁ 0.011444091796875
8 0.0007467269897460938
8 0.0004887580871582031
8 0.0004901885986328125
- 0.001468658447265625
3 0.0006270408630371094
4 0.00106048583984375
9 0.001232147216796875
- 0.0005388259887695312
8 0.0004673004150390625
8 0.00019860267639160156
8 0.00031304359436035156
4 0.0005502700805664062
▁ 0.01100921630859375
8 0.0007181167602539062
8 0.0005059242248535156
8 0.0004925727844238281
- 0.00147247314453125
3 0.0006189346313476562
4 0.0010776519775390625
9 0.0013256072998046875
- 0.0005140304565429688
8 0.00046563148498535156
8 0.00020682811737060547
8 0.0003261566162109375
4 0.0005350112915039062
▁ 0.01027679443359375
8 0.0006866455078125
8 0.0005197525024414062
8 0.0005259513854980469
- 0.0015058517456054688
3 0.000644683837890625
4 0.001110076904296875
9 0.0013780593872070312
- 0.0005316734313964844
8 0.0004630088806152344
8 0.00020992755889892578
8 0.00033211708068847656
4 0.0005311965942382812
▁ 0.01007080078125
8 0.0006575584411621094
8 0.000507354736328125
8 0.0005106925964355469
- 0.0015039443969726562
3 0.0006427764892578125
4 0.00112152099609375
9 0.0015401840209960938
- 0.0005178451538085938
8 0.0004525184631347656
8 0.00021159648895263672
8 0.0003306865692138672
4 0.0005321502685546875
▁ 0.01004791259765625
8 0.0006585121154785156
8 0.0005235671997070312
8 0.0005340576171875
- 0.001506805419921875
3 0.0006422996520996094
4 0.001148223876953125
9 0.001537322998046875
- 0.0004780292510986328
8 0.00042557716369628906
8 0.000213623046875
8 0.00033593177795410156
4 0.0005235671997070312
▁ 0.00983428955078125
8 0.0006461143493652344
8 0.0005331039428710938
8 0.0005588531494140625
- 0.0015764236450195312
3 0.0006914138793945312
4 0.0012273788452148438
9 0.00154876708984375
- 0.0005154609680175781
8 0.0004248619079589844
8 0.0002243518829345703
8 0.0003476142883300781
4 0.0005369186401367188
▁ 0.0099639892578125
8 0.0006222724914550781
8 0.0005354881286621094
8 0.0005555152893066406
- 0.001583099365234375
3 0.0006833076477050781
4 0.001251220703125
9 0.0015096664428710938
- 0.0005207061767578125
8 0.00041937828063964844
8 0.00022399425506591797
8 0.00033974647521972656
4 0.0005178451538085938
▁ 0.0097503662109375
8 0.0006117820739746094
8 0.0005321502685546875
8 0.0005550384521484375
- 0.0014019012451171875
3 0.0006279945373535156
4 0.0012826919555664062
9 0.0016298294067382812
- 0.00049591064453125
8 0.0003914833068847656
8 0.00022518634796142578
8 0.0003447532653808594
4 0.0004935264587402344
<0x0A> 6.484375
He 5.8828125
▁heard 9.6484375
▁a 2.220703125
▁knock 3.04296875
▁on 0.96630859375
▁the 0.3720703125
▁door 0.30712890625
▁as 5.37109375
▁he 0.56787109375
▁p 6.4296875
onder 0.95166015625
ed 0.003620147705078125
▁his 1.5068359375
▁purpose 6.828125
▁in 0.87158203125
▁the 3.318359375
▁ru 9.4765625
ins 0.2230224609375
. 2.08203125
<0x0A> 1.28515625
To 6.1953125
▁his 3.076171875
▁ut 7.62890625
most 0.0083160400390625
▁surprise 1.140625
, 0.1888427734375
▁he 1.0166015625
▁found 1.7451171875
▁a 1.8291015625
▁little 4.1796875
▁girl 1.0986328125
▁standing 1.58203125
▁at 1.8486328125
▁his 1.9462890625
▁door 0.34130859375
step 1.32421875
, 1.6513671875
▁her 2.458984375
▁eyes 2.044921875
▁filled 2.75390625
▁with 0.0125274658203125
▁innoc 4.08203125
ence 0.303466796875
▁and 0.78173828125
▁curiosity 2.576171875
. 0.265625
▁She 2.396484375
▁wore 3.220703125
▁t 8.1171875
atter 0.041473388671875
ed 0.0006561279296875
▁clothes 0.89794921875
▁and 0.88232421875
▁bore 7.91796875
▁the 1.625
▁signs 3.53515625
▁of 0.01165008544921875
▁the 3.84765625
▁har 2.755859375
sh 0.005664825439453125
▁world 4.81640625
▁she 0.80859375
▁had 1.1025390625
▁surv 3.861328125
ived 0.00013053417205810547
▁in 2.181640625
. 0.365234375
▁The 3.630859375
▁man 5.6328125
▁felt 3.275390625
▁a 1.3369140625
▁sur 3.3046875
ge 0.02685546875
▁of 0.0114593505859375
▁emot 4.30078125
ions 0.0167083740234375
▁he 3.685546875
▁hadn 3.134765625
' 0.0028438568115234375
t 9.000301361083984e-05
▁experienced 2.34375
▁in 0.5166015625
▁a 0.751953125
▁long 0.5244140625
▁time 0.21240234375
▁– 4.58984375
▁hope 3.251953125
, 0.5
▁joy 2.47265625
, 0.2244873046875
▁and 1.1474609375
▁a 2.443359375
▁renew 4.94921875
ed 0.0226593017578125
▁sense 0.470703125
▁of 0.005832672119140625
▁purpose 0.353271484375
. 0.2802734375
<0x0A> 0.7001953125
As 3.712890625
▁the 1.228515625
▁days 5.9765625
▁turned 3.736328125
▁into 0.302001953125
▁weeks 0.1148681640625
, 0.276123046875
▁the 0.76123046875
▁man 0.9443359375
▁and 2.43359375
▁the 0.300537109375
▁girl 0.93994140625
▁established 6.67578125
▁a 0.173583984375
▁bond 2.1015625
▁that 1.4521484375
▁sur 5.484375
pass 0.0235595703125
ed 0.0135650634765625
▁their 2.5859375
▁differences 3.009765625
▁in 3.2265625
▁age 0.74462890625
▁and 0.84521484375
▁experiences 5.8203125
. 0.067138671875
▁They 1.771484375
▁expl 5.25390625
ored 0.0007033348083496094
▁the 0.402099609375
▁rem 6.06640625
n 0.0286102294921875
ants 7.045269012451172e-05
▁of 0.059967041015625
▁the 1.08203125
▁dec 8.1328125
im 0.470703125
ated 0.006900787353515625
▁world 1.7568359375
, 1.2265625
▁sharing 3.478515625
▁mem 4.28125
ories 0.00019979476928710938
, 1.7744140625
▁and 2.515625
▁creating 4.1796875
▁new 1.609375
▁ones 0.2025146484375
. 0.587890625
▁The 2.0234375
▁man 1.0595703125
▁taught 3.783203125
▁her 1.3994140625
▁surv 6.30078125
ival 0.0094146728515625
▁skills 0.281982421875
, 0.67138671875
▁while 3.435546875
▁she 0.8095703125
▁brought 6.75
▁laugh 5.75390625
ter 0.006870269775390625
▁and 0.5595703125
▁light 3.380859375
▁back 4.75390625
▁into 0.413330078125
▁his 0.1683349609375
▁life 0.61181640625
. 0.1090087890625
<0x0A> 0.486328125
They 3.271484375
▁formed 4.98046875
▁a 0.1663818359375
▁s 7.76171875
embl 0.328369140625
ance 0.00080108642578125
▁of 0.005100250244140625
▁a 0.2305908203125
▁family 0.31787109375
▁in 3.46875
▁their 2.19140625
▁tiny 4.24609375
▁san 6.4375
ctu 0.01171875
ary 0.001544952392578125
. 1.28125
<0x0A> 1.7412109375
The 1.6826171875
▁man 0.84228515625
▁and 1.736328125
▁the 0.192138671875
▁girl 0.14599609375
▁were 2.396484375
▁determined 4.4609375
▁to 0.07861328125
▁re 3.435546875
build 0.055206298828125
▁what 3.595703125
▁had 1.33203125
▁been 0.239501953125
▁lost 0.80419921875
, 1.3740234375
▁and 1.291015625
▁each 5.7578125
▁knock 11.9453125
▁on 1.404296875
▁the 0.33251953125
▁door 0.0213623046875
▁was 1.9892578125
▁met 4.51953125
▁with 0.057464599609375
▁hope 3.50390625
. 1.3857421875
