▁Emma 10.375
▁had 9.3125
▁always 5.875
▁been 1.8173828125
▁the 3.84765625
▁res 9.4609375
il 3.44140625
ient 3.046875
▁one 4.984375
, 1.986328125
▁the 1.8466796875
▁positive 7.28515625
▁ray 8.3984375
▁of 2.736328125
▁sun 3.97265625
sh 2.03125
ine 0.1964111328125
▁in 3.958984375
▁our 5.2265625
▁group 7.90234375
▁of 1.18359375
▁friends 2.47265625
. 1.50390625
▁She 2.935546875
▁had 2.1484375
▁an 4.6328125
▁un 3.017578125
c 1.4970703125
anny 0.0237884521484375
▁ability 1.5771484375
▁to 0.1854248046875
▁find 3.369140625
▁the 1.060546875
▁silver 3.79296875
▁l 0.289794921875
ining 0.00351715087890625
▁even 3.560546875
▁in 0.56494140625
▁the 0.44970703125
▁dark 1.15234375
est 0.032958984375
▁of 0.8505859375
▁times 2.169921875
. 0.43896484375
▁So 4.8359375
▁when 1.9462890625
▁Emma 5.15625
▁lost 5.0078125
▁her 0.373291015625
▁job 2.033203125
, 1.0546875
▁she 1.306640625
▁was 2.267578125
▁dev 2.884765625
ast 0.0072021484375
ated 0.0142364501953125
. 0.59716796875
▁Sud 6.1796875
den 0.0077056884765625
ly 0.019622802734375
, 0.97509765625
▁her 2.287109375
▁confidence 6.33203125
▁sh 3.67578125
atter 0.4375
ed 0.01605224609375
, 1.01171875
▁and 1.9677734375
▁she 0.95556640625
▁could 3.87890625
▁no 2.36328125
▁longer 0.029266357421875
▁see 2.6484375
▁the 0.42724609375
▁bright 2.59375
ness 4.3046875
▁she 5.4765625
▁once 1.2646484375
▁radi 7.69921875
ated 0.0005984306335449219
. 0.548828125
<0x0A> 1.314453125
I 3.50390625
▁decided 5.28515625
▁to 0.356689453125
▁surprise 6.359375
▁her 1.1962890625
▁and 2.662109375
▁find 5.0703125
▁ 9.296875
8 4.0703125
8 4.71875
8 2.23828125
- 3.57421875
3 3.529296875
5 2.5625
3 1.53515625
- 0.0758056640625
1 2.826171875
2 2.23046875
9 2.947265625
9 2.298828125
▁ 3.9609375
8 0.5439453125
8 0.094970703125
8 0.005146026611328125
- 0.05755615234375
3 0.0297393798828125
5 0.0044097900390625
3 0.0021381378173828125
- 0.0033092498779296875
1 0.00974273681640625
2 0.00641632080078125
9 0.006916046142578125
9 0.004974365234375
▁ 1.5361328125
8 0.052825927734375
8 0.00539398193359375
8 0.0007863044738769531
- 0.01534271240234375
3 0.006267547607421875
5 0.0008754730224609375
3 0.00041747093200683594
- 0.00197601318359375
1 0.0026111602783203125
2 0.0014667510986328125
9 0.0019350051879882812
9 0.002475738525390625
▁ 0.5712890625
8 0.0066375732421875
8 0.0010280609130859375
8 0.0002467632293701172
- 0.005702972412109375
3 0.0014781951904296875
5 0.00039839744567871094
3 0.00018227100372314453
- 0.0009012222290039062
1 0.0010118484497070312
2 0.0005502700805664062
9 0.0008559226989746094
9 0.0016384124755859375
▁ 0.37939453125
8 0.006488800048828125
8 0.0009374618530273438
8 0.00024008750915527344
- 0.00434112548828125
3 0.0011053085327148438
5 0.00037288665771484375
3 0.00014603137969970703
- 0.0007596015930175781
1 0.000858306884765625
2 0.00043272972106933594
9 0.0006532669067382812
9 0.002040863037109375
▁ 0.245361328125
8 0.0033588409423828125
8 0.0005931854248046875
8 0.00017058849334716797
- 0.0029582977294921875
3 0.0007596015930175781
5 0.0003139972686767578
3 0.00010609626770019531
- 0.00058746337890625
1 0.0005331039428710938
2 0.0003032684326171875
9 0.0004787445068359375
9 0.0016412734985351562
▁ 0.219482421875
8 0.002292633056640625
8 0.0004303455352783203
8 0.0001323223114013672
- 0.0022735595703125
3 0.0005736351013183594
5 0.00023567676544189453
3 8.118152618408203e-05
- 0.0004189014434814453
1 0.0004100799560546875
2 0.00024056434631347656
9 0.0003604888916015625
9 0.0010051727294921875
▁ 0.203857421875
8 0.00189971923828125
8 0.0003979206085205078
8 0.00012004375457763672
- 0.0018568038940429688
3 0.00047659873962402344
5 0.00019407272338867188
3 6.389617919921875e-05
- 0.000324249267578125
1 0.00031065940856933594
2 0.00019359588623046875
9 0.0002713203430175781
9 0.0007839202880859375
▁ 0.173583984375
8 0.0017452239990234375
8 0.0004165172576904297
8 0.00011789798736572266
- 0.0016050338745117188
3 0.0003960132598876953
5 0.00018262863159179688
3 5.829334259033203e-05
- 0.0002551078796386719
1 0.00027942657470703125
2 0.00017750263214111328
9 0.00021922588348388672
9 0.0006265640258789062
▁ 0.142578125
8 0.0015354156494140625
8 0.00038123130798339844
8 0.00011026859283447266
- 0.0013532638549804688
3 0.00031566619873046875
5 0.00016200542449951172
3 5.364418029785156e-05
- 0.00022339820861816406
1 0.0002574920654296875
2 0.00016832351684570312
9 0.00019872188568115234
9 0.000568389892578125
▁ 0.1319580078125
8 0.0015325546264648438
8 0.0003859996795654297
8 0.00011456012725830078
- 0.0014276504516601562
3 0.00030517578125
5 0.0001678466796875
3 5.614757537841797e-05
- 0.00020837783813476562
1 0.0002453327178955078
2 0.00016415119171142578
9 0.0001747608184814453
9 0.0004911422729492188
▁ 0.120361328125
8 0.00147247314453125
8 0.0003559589385986328
8 0.0001131296157836914
- 0.0013380050659179688
3 0.00027370452880859375
5 0.00015461444854736328
3 4.7326087951660156e-05
- 0.0001990795135498047
1 0.00020635128021240234
2 0.0001405477523803711
9 0.0001583099365234375
9 0.0004048347473144531
▁ 0.1075439453125
8 0.0014495849609375
8 0.0003783702850341797
8 0.00011849403381347656
- 0.001407623291015625
3 0.0002460479736328125
5 0.0001519918441772461
3 4.601478576660156e-05
- 0.00019466876983642578
1 0.00018417835235595703
2 0.00013458728790283203
9 0.00015652179718017578
9 0.00038552284240722656
▁ 0.10589599609375
8 0.0014028549194335938
8 0.0004017353057861328
8 0.00012409687042236328
- 0.001422882080078125
3 0.00024080276489257812
5 0.00014209747314453125
3 4.291534423828125e-05
- 0.0001728534698486328
1 0.00016939640045166016
2 0.00013434886932373047
9 0.0001537799835205078
9 0.0003936290740966797
▁ 0.099853515625
8 0.0012865066528320312
8 0.00035834312438964844
8 0.00011670589447021484
- 0.0012912750244140625
3 0.0002579689025878906
5 0.00015342235565185547
3 4.172325134277344e-05
- 0.00014889240264892578
1 0.00016772747039794922
2 0.00012826919555664062
9 0.0001533031463623047
9 0.0003647804260253906
▁ 0.09429931640625
8 0.0014438629150390625
8 0.0003466606140136719
8 0.00010693073272705078
- 0.0010499954223632812
3 0.00023043155670166016
5 0.00014221668243408203
3 4.0531158447265625e-05
- 0.0001347064971923828
1 0.00015807151794433594
2 0.0001150369644165039
9 0.0001461505889892578
9 0.0003476142883300781
▁ 0.08251953125
8 0.0012331008911132812
8 0.00030493736267089844
8 9.72747802734375e-05
- 0.0009899139404296875
3 0.00022685527801513672
5 0.00013935565948486328
3 4.208087921142578e-05
- 0.00012385845184326172
1 0.00016117095947265625
2 0.0001163482666015625
9 0.0001354217529296875
9 0.0003261566162109375
▁ 0.07086181640625
8 0.00110626220703125
8 0.0002620220184326172
8 8.845329284667969e-05
- 0.0008687973022460938
3 0.000244140625
5 0.00014972686767578125
3 4.2319297790527344e-05
- 0.00011432170867919922
1 0.00016617774963378906
2 0.0001100301742553711
9 0.00012052059173583984
9 0.00027441978454589844
▁ 0.06256103515625
8 0.00106048583984375
8 0.0002522468566894531
8 9.107589721679688e-05
- 0.0008463859558105469
3 0.00023651123046875
5 0.00014472007751464844
3 4.112720489501953e-05
- 0.00010788440704345703
1 0.00016498565673828125
2 0.00010895729064941406
9 0.00011777877807617188
9 0.00026917457580566406
▁ 0.05926513671875
8 0.0009455680847167969
8 0.00023567676544189453
8 8.726119995117188e-05
- 0.00078582763671875
3 0.00022232532501220703
5 0.00014197826385498047
3 3.898143768310547e-05
- 0.00010442733764648438
1 0.0001544952392578125
2 9.989738464355469e-05
9 0.00011622905731201172
9 0.00025582313537597656
▁ 0.05682373046875
8 0.0009627342224121094
8 0.0002180337905883789
8 8.320808410644531e-05
- 0.000701904296875
3 0.00022411346435546875
5 0.0001461505889892578
3 3.8504600524902344e-05
- 0.00010251998901367188
1 0.00015914440155029297
2 0.00010180473327636719
9 0.00012195110321044922
9 0.00025963783264160156
▁ 0.055511474609375
8 0.0009946823120117188
8 0.00021219253540039062
8 8.213520050048828e-05
- 0.0006947517395019531
3 0.00022685527801513672
5 0.00013911724090576172
3 3.838539123535156e-05
- 9.620189666748047e-05
1 0.00015163421630859375
2 9.85860824584961e-05
9 0.00010859966278076172
9 0.00024700164794921875
▁ 0.054412841796875
8 0.0009703636169433594
8 0.00019562244415283203
8 7.963180541992188e-05
- 0.000637054443359375
3 0.00021731853485107422
5 0.00013875961303710938
3 3.826618194580078e-05
- 9.02414321899414e-05
1 0.0001519918441772461
2 9.906291961669922e-05
9 0.00010073184967041016
9 0.00023186206817626953
▁ 0.0506591796875
8 0.0009326934814453125
8 0.00018167495727539062
8 7.593631744384766e-05
- 0.0006127357482910156
3 0.00022983551025390625
5 0.00015151500701904297
3 3.898143768310547e-05
- 8.809566497802734e-05
1 0.00015878677368164062
2 0.00010013580322265625
9 0.0001004934310913086
9 0.0002307891845703125
▁ 0.0489501953125
8 0.0009241104125976562
8 0.00018024444580078125
8 7.855892181396484e-05
- 0.0005860328674316406
3 0.00022077560424804688
5 0.00014865398406982422
3 3.886222839355469e-05
- 8.45193862915039e-05
1 0.00016546249389648438
2 0.00010406970977783203
9 0.00010383129119873047
9 0.0002346038818359375
▁ 0.044952392578125
8 0.000919342041015625
8 0.0001697540283203125
8 7.426738739013672e-05
- 0.0005645751953125
3 0.0002682209014892578
5 0.0001609325408935547
3 3.707408905029297e-05
- 7.987022399902344e-05
1 0.00015604496002197266
2 0.00010156631469726562
9 0.0001004934310913086
9 0.00022113323211669922
▁ 0.042633056640625
8 0.0010290145874023438
8 0.00017750263214111328
8 7.462501525878906e-05
- 0.0004949569702148438
3 0.0002493858337402344
5 0.00016117095947265625
3 3.600120544433594e-05
- 7.784366607666016e-05
1 0.0001537799835205078
2 0.00010383129119873047
9 0.00010311603546142578
9 0.000225067138671875
▁ 0.04071044921875
8 0.0009207725524902344
8 0.0001627206802368164
8 6.639957427978516e-05
- 0.00046133995056152344
3 0.0002238750457763672
5 0.00014269351959228516
3 3.445148468017578e-05
- 7.104873657226562e-05
1 0.0001392364501953125
2 9.810924530029297e-05
9 9.5367431640625e-05
9 0.00021779537200927734
▁ 0.03717041015625
8 0.0008540153503417969
8 0.00014483928680419922
8 6.186962127685547e-05
- 0.0004279613494873047
3 0.00020062923431396484
5 0.0001399517059326172
3 3.4689903259277344e-05
- 7.092952728271484e-05
1 0.00013899803161621094
2 9.763240814208984e-05
9 9.09566879272461e-05
9 0.000202178955078125
▁ 0.034393310546875
8 0.0008668899536132812
8 0.00013434886932373047
8 5.710124969482422e-05
- 0.0004069805145263672
3 0.00020062923431396484
5 0.00013339519500732422
3 3.3855438232421875e-05
- 6.949901580810547e-05
1 0.00014281272888183594
2 8.96453857421875e-05
9 9.047985076904297e-05
9 0.00020599365234375
▁ 0.0350341796875
8 0.0008769035339355469
8 0.00013315677642822266
8 5.507469177246094e-05
- 0.00038909912109375
3 0.0001914501190185547
5 0.00013208389282226562
3 3.3974647521972656e-05
- 7.033348083496094e-05
1 0.00014483928680419922
2 8.702278137207031e-05
9 8.869171142578125e-05
9 0.00019288063049316406
▁ 0.030426025390625
8 0.0008120536804199219
8 0.00012552738189697266
8 5.3048133850097656e-05
- 0.00038170814514160156
3 0.00020444393157958984
5 0.0001310110092163086
3 3.314018249511719e-05
- 7.021427154541016e-05
1 0.00014591217041015625
2 8.559226989746094e-05
9 8.893013000488281e-05
9 0.0001957416534423828
▁ 0.02923583984375
8 0.0008063316345214844
8 0.00012862682342529297
8 5.042552947998047e-05
- 0.000370025634765625
3 0.0001951456069946289
5 0.00012552738189697266
3 3.24249267578125e-05
- 6.890296936035156e-05
1 0.0001437664031982422
2 8.249282836914062e-05
9 8.976459503173828e-05
9 0.00019502639770507812
▁ 0.028167724609375
8 0.0007781982421875
8 0.00012004375457763672
8 4.565715789794922e-05
- 0.00035262107849121094
3 0.0001957416534423828
5 0.0001252889633178711
3 3.218650817871094e-05
- 6.461143493652344e-05
1 0.0001468658447265625
2 8.440017700195312e-05
9 9.465217590332031e-05
9 0.0001914501190185547
▁ 0.0283660888671875
8 0.0007915496826171875
8 0.0001131296157836914
8 4.2438507080078125e-05
- 0.0003371238708496094
3 0.00019216537475585938
5 0.00012576580047607422
3 3.3020973205566406e-05
- 6.413459777832031e-05
1 0.0001481771469116211
2 8.440017700195312e-05
9 9.691715240478516e-05
9 0.0001970529556274414
▁ 0.02862548828125
8 0.0008249282836914062
8 0.00010943412780761719
8 4.124641418457031e-05
- 0.0003228187561035156
3 0.00020134449005126953
5 0.00012576580047607422
3 3.349781036376953e-05
- 6.377696990966797e-05
1 0.0001533031463623047
2 8.428096771240234e-05
9 9.846687316894531e-05
9 0.0002034902572631836
▁ 0.0274810791015625
8 0.0007944107055664062
8 0.00010025501251220703
8 3.9696693420410156e-05
- 0.00031185150146484375
3 0.00021064281463623047
5 0.00012254714965820312
3 3.421306610107422e-05
- 6.306171417236328e-05
1 0.00015079975128173828
2 8.52346420288086e-05
9 9.989738464355469e-05
9 0.0001976490020751953
▁ 0.02587890625
8 0.0007791519165039062
8 0.00010085105895996094
8 3.933906555175781e-05
- 0.00028896331787109375
3 0.0002110004425048828
5 0.00012362003326416016
3 3.409385681152344e-05
- 6.16312026977539e-05
1 0.0001499652862548828
2 8.547306060791016e-05
9 0.00010132789611816406
9 0.0001977682113647461
▁ 0.0261993408203125
8 0.0007791519165039062
8 0.00010073184967041016
8 3.8743019104003906e-05
- 0.0002841949462890625
3 0.0002199411392211914
5 0.00012493133544921875
3 3.552436828613281e-05
- 5.805492401123047e-05
1 0.00014781951904296875
2 8.630752563476562e-05
9 0.00010597705841064453
9 0.00020313262939453125
▁ 0.025299072265625
8 0.0007700920104980469
8 0.00010383129119873047
8 3.8743019104003906e-05
- 0.0002818107604980469
3 0.0002334117889404297
5 0.00013339519500732422
3 3.6835670471191406e-05
- 5.745887756347656e-05
1 0.00015175342559814453
2 9.047985076904297e-05
9 0.00010919570922851562
9 0.00020575523376464844
▁ 0.0245819091796875
8 0.0008296966552734375
8 0.00010502338409423828
8 3.8504600524902344e-05
- 0.00028014183044433594
3 0.0002390146255493164
5 0.00013196468353271484
3 3.7550926208496094e-05
- 5.4955482482910156e-05
1 0.0001518726348876953
2 8.928775787353516e-05
9 0.00010907649993896484
9 0.00020933151245117188
▁ 0.024169921875
8 0.0008230209350585938
8 0.00010204315185546875
8 3.6597251892089844e-05
- 0.0002741813659667969
3 0.00023889541625976562
5 0.00013339519500732422
3 4.0411949157714844e-05
- 5.4836273193359375e-05
1 0.000152587890625
2 8.64267349243164e-05
9 0.00010645389556884766
9 0.0002015829086303711
▁ 0.023651123046875
8 0.0008282661437988281
8 0.00010502338409423828
8 3.743171691894531e-05
- 0.0002720355987548828
3 0.0002353191375732422
5 0.00012862682342529297
3 3.933906555175781e-05
- 5.519390106201172e-05
1 0.00015175342559814453
2 8.618831634521484e-05
9 0.00010967254638671875
9 0.00020241737365722656
▁ 0.022918701171875
8 0.0008058547973632812
8 0.00010263919830322266
8 3.695487976074219e-05
- 0.00026702880859375
3 0.000232696533203125
5 0.00012671947479248047
3 3.802776336669922e-05
- 5.2809715270996094e-05
1 0.00014734268188476562
2 8.094310760498047e-05
9 0.00011026859283447266
9 0.00019407272338867188
▁ 0.0238189697265625
8 0.0008230209350585938
8 0.00010395050048828125
8 3.62396240234375e-05
- 0.0002524852752685547
3 0.0002288818359375
5 0.00012612342834472656
3 3.731250762939453e-05
- 5.2094459533691406e-05
1 0.00014674663543701172
2 8.356571197509766e-05
9 0.00011348724365234375
9 0.00019729137420654297
▁ 0.0237579345703125
8 0.0008006095886230469
8 0.00010144710540771484
8 3.457069396972656e-05
- 0.000244140625
3 0.00022673606872558594
5 0.00012314319610595703
3 3.695487976074219e-05
- 5.1140785217285156e-05
1 0.00014734268188476562
2 8.547306060791016e-05
9 0.00011718273162841797
9 0.0002027750015258789
▁ 0.0238037109375
8 0.0008006095886230469
8 9.85860824584961e-05
8 3.266334533691406e-05
- 0.00023055076599121094
3 0.00021970272064208984
5 0.00011777877807617188
3 3.516674041748047e-05
- 5.137920379638672e-05
1 0.0001468658447265625
2 8.511543273925781e-05
9 0.0001119375228881836
9 0.0001939535140991211
▁ 0.022430419921875
8 0.0007767677307128906
8 8.893013000488281e-05
8 3.0279159545898438e-05
- 0.0002288818359375
3 0.0002187490463256836
5 0.00011777877807617188
3 3.552436828613281e-05
- 5.078315734863281e-05
1 0.00014722347259521484
2 8.45193862915039e-05
9 0.00011408329010009766
9 0.000194549560546875
▁ 0.02239990234375
8 0.0007653236389160156
8 8.738040924072266e-05
8 3.0159950256347656e-05
- 0.00022470951080322266
3 0.0002105236053466797
5 0.00011658668518066406
3 3.540515899658203e-05
- 5.078315734863281e-05
1 0.00014972686767578125
2 8.487701416015625e-05
9 0.0001125335693359375
9 0.00019431114196777344
▁ 0.021820068359375
8 0.0007467269897460938
8 8.487701416015625e-05
8 3.0279159545898438e-05
- 0.00022304058074951172
3 0.0002244710922241211
5 0.00011324882507324219
3 3.4928321838378906e-05
- 4.792213439941406e-05
1 0.00015079975128173828
2 8.33272933959961e-05
9 0.00011432170867919922
9 0.00018787384033203125
▁ 0.02069091796875
8 0.0007061958312988281
8 8.273124694824219e-05
8 3.0040740966796875e-05
- 0.00021207332611083984
3 0.00022685527801513672
5 0.00011348724365234375
3 3.4928321838378906e-05
- 4.780292510986328e-05
1 0.00015282630920410156
2 8.785724639892578e-05
9 0.00010919570922851562
9 0.00018262863159179688
<0x0A> 5.03515625
" 5.328125
I 1.734375
' 2.142578125
ve 1.181640625
▁lost 4.10546875
▁everything 3.384765625
," 3.076171875
▁she 1.103515625
▁whisper 3.251953125
ed 0.0014934539794921875
, 1.66015625
▁her 1.49609375
▁voice 0.8359375
▁bare 2.865234375
ly 0.0003859996795654297
▁aud 0.87255859375
ible 0.0007586479187011719
, 2.302734375
▁her 2.0390625
▁eyes 1.3291015625
▁filled 2.6796875
▁with 0.00852203369140625
▁tears 0.61962890625
. 0.38525390625
▁" 0.66650390625
I 0.7177734375
' 0.67138671875
m 1.4482421875
▁not 3.2421875
▁who 4.29296875
▁I 0.1727294921875
▁used 0.392822265625
▁to 0.00429534912109375
▁be 0.002803802490234375
, 2.076171875
▁and 0.83935546875
▁I 0.34765625
▁don 1.17578125
' 0.0006766319274902344
t 0.0005993843078613281
▁know 0.55908203125
▁how 2.423828125
▁to 0.7158203125
▁find 2.998046875
▁my 0.8046875
▁way 0.1065673828125
▁back 0.50390625
." 0.80712890625
<0x0A> 0.42431640625
With 5.55078125
out 1.8408203125
▁hes 2.08203125
itation 0.10894775390625
, 0.0748291015625
▁I 0.3671875
▁sat 5.38671875
▁beside 2.474609375
▁her 0.1396484375
▁on 1.240234375
▁the 0.106689453125
▁worn 7.89453125
- 3.349609375
out 0.283935546875
▁c 0.7490234375
ouch 0.0041351318359375
, 1.5146484375
▁letting 5.83203125
▁her 0.357421875
▁gr 6.84765625
ief 1.01953125
▁and 3.24609375
▁pain 1.6611328125
▁consume 4.6796875
▁the 6.54296875
▁space 1.6884765625
▁between 0.87060546875
▁us 0.0298919677734375
. 0.167724609375
▁I 1.287109375
▁gaz 7.90625
ed 0.003070831298828125
▁into 0.76318359375
▁her 0.1387939453125
▁eyes 0.487060546875
, 0.65087890625
▁par 10.5625
al 0.355712890625
yz 0.00506591796875
ed 0.01216888427734375
▁with 1.7607421875
▁the 2.140625
▁real 1.9580078125
ization 0.003177642822265625
▁that 0.3916015625
▁even 5.04296875
▁the 3.37890625
▁strong 3.25390625
est 0.023773193359375
▁people 3.01171875
▁have 2.84375
▁their 1.4326171875
▁breaking 2.275390625
▁points 0.160888671875
. 0.32470703125
▁I 1.935546875
▁knew 2.361328125
▁that 1.62890625
▁it 3.791015625
▁was 0.5830078125
▁my 1.7392578125
▁turn 1.3818359375
▁to 0.5322265625
▁be 2.302734375
▁her 4.39453125
▁pill 4.8515625
ar 0.61474609375
▁of 0.245849609375
▁support 0.78076171875
. 0.9990234375
<0x0A> 0.796875
I 1.9208984375
▁pulled 4.24609375
▁her 0.61767578125
▁into 1.013671875
▁a 2.298828125
▁comfort 5.484375
ing 0.0051422119140625
▁em 0.457275390625
brace 9.5367431640625e-05
, 0.77197265625
▁saying 5.33984375
▁" 4.546875
when 9.859375
▁you 1.2041015625
▁can 3.109375
' 1.75
t 0.0007338523864746094
▁look 5.65625
▁on 4.8671875
▁the 0.353515625
▁bright 0.11773681640625
▁side 0.00689697265625
, 0.94873046875
▁I 1.8642578125
▁will 2.412109375
▁sit 7.7578125
▁with 1.1357421875
▁you 0.06390380859375
▁in 3.236328125
▁the 0.7451171875
▁dark 0.329345703125
." 0.70361328125
<0x0A> 0.5107421875
Days 9.3046875
▁turned 1.6474609375
▁into 0.1473388671875
▁weeks 0.11956787109375
, 0.70703125
▁and 0.414794921875
▁weeks 2.001953125
▁turned 0.96435546875
▁into 0.00870513916015625
▁months 0.058349609375
. 0.465576171875
▁I 2.07421875
▁became 4.2734375
▁Emma 2.3203125
' 0.035919189453125
s 0.0015764236450195312
▁constant 2.93359375
▁companion 0.472900390625
▁throughout 6.0390625
▁her 1.203125
▁journey 2.146484375
▁of 2.087890625
▁self 1.994140625
- 0.0513916015625
dis 0.147216796875
cover 0.00026726722717285156
y 0.000507354736328125
. 0.447265625
▁We 2.787109375
▁del 7.640625
ved 0.005718231201171875
▁into 0.50146484375
▁the 1.0458984375
▁depth 2.220703125
s 0.055419921875
▁of 0.01306915283203125
▁her 0.79296875
▁sorrow 5.06640625
, 0.7451171875
▁un 4.68359375
ra 1.9033203125
vel 0.064453125
ing 0.0026988983154296875
▁the 0.7705078125
▁tang 3.794921875
led 0.03607177734375
▁thoughts 6.390625
▁that 1.3701171875
▁consum 4.2578125
ed 0.00030875205993652344
▁her 0.046844482421875
. 1.4814453125
▁I 1.7958984375
▁listened 2.38671875
▁without 4.67578125
▁judgment 0.78125
, 0.65869140625
▁allowing 3.26171875
▁her 0.272216796875
▁to 0.269287109375
▁release 4.01171875
▁her 0.63037109375
▁fear 4.22265625
s 0.1246337890625
▁and 0.58642578125
▁inse 2.8125
cur 8.571147918701172e-05
ities 0.00015270709991455078
. 0.68212890625
▁T 3.65234375
ogether 0.05181884765625
, 0.08282470703125
▁we 0.06890869140625
▁disse 6.078125
cted 0.00014162063598632812
▁her 1.201171875
▁fail 5.97265625
ures 0.08544921875
, 0.87353515625
▁searching 5.04296875
▁for 0.056060791015625
▁the 0.57177734375
▁valuable 6.8125
▁less 0.1551513671875
ons 0.027587890625
▁hidden 3.80859375
▁within 1.0732421875
▁the 1.6279296875
▁pain 2.337890625
. 0.9150390625
<0x0A> 0.66552734375
As 2.99609375
▁time 2.298828125
▁passed 0.4677734375
, 0.0992431640625
▁Emma 1.29296875
' 1.36328125
s 0.00042319297790527344
▁g 6.49609375
list 6.28125
ening 0.0007119178771972656
▁eyes 1.3564453125
▁began 2.54296875
▁to 0.036773681640625
▁reg 4.96484375
ain 0.01384735107421875
▁their 0.217041015625
▁spark 2.2109375
le 0.0819091796875
. 0.38427734375
▁She 1.0361328125
▁discovered 4.88671875
▁her 2.15625
▁strength 2.6484375
▁lay 9.7421875
▁not 1.80078125
▁in 0.1607666015625
▁pret 7.875
ending 0.08892822265625
▁to 0.317626953125
▁be 0.045745849609375
▁un 6.5859375
break 2.90625
able 0.0005016326904296875
, 0.1451416015625
▁but 0.0335693359375
▁in 0.207275390625
▁accepting 2.642578125
▁her 1.0966796875
▁vulner 2.095703125
ability 0.6474609375
. 0.826171875
▁She 0.8583984375
▁learned 1.8046875
▁that 0.75341796875
▁it 2.771484375
▁was 0.7939453125
▁okay 0.75732421875
▁to 0.06317138671875
▁lean 4.80859375
▁on 0.1402587890625
▁others 0.875
▁when 2.94140625
▁darkness 9.2421875
▁threatened 1.9970703125
▁to 0.06463623046875
▁eng 2.681640625
ulf 0.0005173683166503906
▁her 0.042694091796875
. 0.306640625
<0x0A> 1.8916015625
One 3.634765625
▁evening 3.1953125
, 0.1136474609375
▁a 4.47265625
▁fier 7.6796875
y 0.9560546875
▁sun 2.45703125
set 0.681640625
▁painted 4.3125
▁the 0.215576171875
▁sky 0.669921875
▁with 1.826171875
▁h 3.57421875
ues 0.0062713623046875
▁of 0.10040283203125
▁crim 2.427734375
son 1.0728836059570312e-05
▁and 0.7685546875
▁gold 1.091796875
. 0.381103515625
▁Emma 1.7666015625
▁s 5.046875
ighed 0.7841796875
▁content 3.419921875
edly 0.0753173828125
▁as 1.0244140625
▁she 0.46630859375
▁lean 3.568359375
ed 7.319450378417969e-05
▁against 1.044921875
▁me 1.46484375
. 1.34375
<0x0A> 1.94140625
" 0.154296875
Thank 2.689453125
▁you 0.03240966796875
▁for 0.95947265625
▁sitting 4.01953125
▁with 0.259033203125
▁me 0.0048828125
▁in 2.572265625
▁the 0.15185546875
▁dark 0.1796875
," 0.497314453125
▁she 0.0848388671875
▁whisper 0.57568359375
ed 8.177757263183594e-05
▁sin 7.6171875
cer 0.0008559226989746094
ely 0.0009388923645019531
. 0.2484130859375
▁" 0.6181640625
You 1.4873046875
▁gave 3.533203125
▁me 0.04937744140625
▁the 1.0439453125
▁courage 1.4775390625
▁to 0.11187744140625
▁face 1.525390625
▁my 0.307861328125
▁dem 2.498046875
ons 0.0003285408020019531
▁and 1.9111328125
▁redis 5.328125
cover 0.00011944770812988281
▁my 0.6083984375
▁light 1.626953125
." 0.1351318359375
<0x0A> 0.02142333984375
A 4.37890625
▁te 4.4296875
ar 0.0187835693359375
▁wel 5.2265625
led 0.0003962516784667969
▁in 1.3935546875
▁my 0.6640625
▁eye 0.277587890625
, 1.67578125
▁reflect 4.5390625
ing 0.0015077590942382812
▁the 0.416259765625
▁prof 7.31640625
ound 0.04144287109375
▁bond 3.8984375
▁that 1.5205078125
▁had 1.6376953125
▁formed 1.4609375
▁during 4.6640625
▁those 1.931640625
▁tum 4.015625
ult 0.00012218952178955078
uous 0.0005517005920410156
▁months 0.787109375
. 0.0924072265625
▁We 3.158203125
▁walked 5.11328125
▁hand 1.677734375
▁in 0.75927734375
▁hand 0.0022907257080078125
, 1.2978515625
▁no 6.37890625
▁longer 0.124267578125
▁afraid 1.908203125
▁of 1.0888671875
▁the 0.448486328125
▁sh 3.59375
adows 0.00986480712890625
, 2.185546875
▁but 1.2705078125
▁grateful 4.82421875
▁for 0.40966796875
▁the 0.219482421875
▁less 5.83203125
ons 0.033416748046875
▁they 2.556640625
▁taught 0.861328125
▁us 0.4140625
. 0.1317138671875
<0x0A> 0.369384765625
Em 2.73046875
ma 0.0036220550537109375
' 1.583984375
s 0.00388336181640625
▁transformation 4.1953125
▁served 7.1796875
▁as 0.0193634033203125
▁a 0.38671875
▁constant 4.90234375
▁rem 0.046722412109375
inder 0.0004394054412841797
▁that 0.943359375
▁there 3.056640625
▁is 0.401611328125
▁strength 3.888671875
▁in 0.1119384765625
▁vulner 0.501953125
ability 0.002056121826171875
, 1.68359375
▁love 4.62890625
▁in 0.14111328125
▁darkness 4.2265625
, 0.06280517578125
▁and 0.093505859375
▁hope 1.1845703125
▁in 0.1229248046875
▁the 0.93505859375
▁depth 3.716796875
s 0.043304443359375
▁of 0.0066680908203125
▁desp 0.046051025390625
air 0.00010848045349121094
. 0.00693511962890625
▁We 3.125
▁no 5.67578125
▁longer 0.00106048583984375
▁fe 1.9443359375
ared 0.0025844573974609375
▁the 0.55126953125
▁unknown 1.81640625
, 0.48095703125
▁for 2.50390625
▁we 0.475830078125
▁knew 1.7861328125
▁that 0.48486328125
▁even 4.59375
▁in 1.6103515625
▁life 7.49609375
' 0.0101776123046875
s 0.0006375312805175781
▁dark 0.4130859375
est 0.03192138671875
▁moments 1.2587890625
, 0.040496826171875
▁we 1.4267578125
▁had 2.31640625
▁each 1.072265625
▁other 0.0049285888671875
. 0.354736328125
▁And 3.8046875
▁that 1.8173828125
, 2.560546875
▁in 1.7060546875
▁itself 3.583984375
, 0.0283203125
▁was 0.448486328125
▁the 1.78515625
▁bright 3.1875
est 0.06494140625
▁light 0.81103515625
▁of 0.83544921875
▁all 0.05975341796875
. 0.0164642333984375
