▁Several 10.375
▁high 11.4296875
▁te 7.4609375
ch 1.546875
▁gi 9.390625
ants 2.28515625
▁have 7.82421875
▁come 5.52734375
▁together 6.6015625
▁to 3.6328125
▁announ 8.046875
ce 0.0286407470703125
▁the 1.951171875
▁release 4.82421875
▁of 0.49951171875
▁a 2.576171875
▁new 2.234375
▁CD 5.45703125
- 4.51171875
Re 7.91796875
Write 8.96875
able 7.9140625
▁technology 8.625
▁for 4.515625
▁early 7.73046875
▁ 4.12109375
1 1.4931640625
9 1.17578125
9 1.3994140625
7 2.208984375
. 2.376953125
▁The 2.91015625
▁technology 5.07421875
▁is 2.564453125
▁ 4.0
8 3.705078125
8 2.693359375
8 2.125
- 3.68359375
2 3.287109375
8 3.04296875
2 1.8818359375
- 0.60205078125
0 2.77734375
4 2.333984375
7 2.7421875
6 2.41796875
▁ 2.60546875
8 0.71728515625
8 0.291748046875
8 0.0188140869140625
- 0.10064697265625
2 0.263427734375
8 0.050201416015625
2 0.023101806640625
- 0.0224151611328125
0 0.1170654296875
4 0.043304443359375
7 0.0648193359375
6 0.038421630859375
▁ 0.9716796875
8 0.085693359375
8 0.0259246826171875
8 0.003032684326171875
- 0.018798828125
2 0.027801513671875
8 0.004680633544921875
2 0.004734039306640625
- 0.00890350341796875
0 0.020721435546875
4 0.006378173828125
7 0.0095062255859375
6 0.005908966064453125
▁ 0.379638671875
8 0.0228729248046875
8 0.006481170654296875
8 0.0010976791381835938
- 0.01184844970703125
2 0.010955810546875
8 0.0014820098876953125
2 0.0024623870849609375
- 0.0049591064453125
0 0.00977325439453125
4 0.00313568115234375
7 0.003681182861328125
6 0.003406524658203125
▁ 0.287109375
8 0.0186614990234375
8 0.004741668701171875
8 0.0009026527404785156
- 0.01042938232421875
2 0.0081024169921875
8 0.0010213851928710938
2 0.001964569091796875
- 0.003963470458984375
0 0.007099151611328125
4 0.0026702880859375
7 0.002574920654296875
6 0.0032062530517578125
▁ 0.259521484375
8 0.01557159423828125
8 0.0033130645751953125
8 0.0006756782531738281
- 0.00890350341796875
2 0.00695037841796875
8 0.0008368492126464844
2 0.0015392303466796875
- 0.002941131591796875
0 0.006160736083984375
4 0.0025787353515625
7 0.0019931793212890625
6 0.0031452178955078125
▁ 0.2093505859375
8 0.01045989990234375
8 0.002197265625
8 0.00045180320739746094
- 0.006763458251953125
2 0.005039215087890625
8 0.0005588531494140625
2 0.0010957717895507812
- 0.002079010009765625
0 0.004215240478515625
4 0.002239227294921875
7 0.0015897750854492188
6 0.002552032470703125
▁ 0.16650390625
8 0.00809478759765625
8 0.001636505126953125
8 0.0003142356872558594
- 0.0050201416015625
2 0.003864288330078125
8 0.0003941059112548828
2 0.0007963180541992188
- 0.0014734268188476562
0 0.0032958984375
4 0.0018177032470703125
7 0.001247406005859375
6 0.0023250579833984375
▁ 0.134765625
8 0.00717926025390625
8 0.0014896392822265625
8 0.00029349327087402344
- 0.004566192626953125
2 0.0037822723388671875
8 0.00032401084899902344
2 0.0007815361022949219
- 0.00122833251953125
0 0.0029811859130859375
4 0.001819610595703125
7 0.0012063980102539062
6 0.0021381378173828125
▁ 0.11822509765625
8 0.005657196044921875
8 0.0012559890747070312
8 0.0002651214599609375
- 0.004138946533203125
2 0.0033168792724609375
8 0.0002894401550292969
2 0.0007252693176269531
- 0.0010662078857421875
0 0.0025768280029296875
4 0.0016851425170898438
7 0.0010175704956054688
6 0.00215911865234375
▁ 0.1005859375
8 0.004863739013671875
8 0.0011453628540039062
8 0.0002541542053222656
- 0.003993988037109375
2 0.0028896331787109375
8 0.000225067138671875
2 0.0006542205810546875
- 0.0010013580322265625
0 0.0020580291748046875
4 0.001415252685546875
7 0.0008692741394042969
6 0.0019931793212890625
▁ 0.08441162109375
8 0.004253387451171875
8 0.0009751319885253906
8 0.00022745132446289062
- 0.00351715087890625
2 0.002460479736328125
8 0.0001856088638305664
2 0.0005693435668945312
- 0.000865936279296875
0 0.002155303955078125
4 0.0012197494506835938
7 0.0007128715515136719
6 0.001842498779296875
▁ 0.07464599609375
8 0.0036525726318359375
8 0.0008549690246582031
8 0.0002110004425048828
- 0.003520965576171875
2 0.002277374267578125
8 0.00019240379333496094
2 0.0005316734313964844
- 0.0008544921875
0 0.0016660690307617188
4 0.0011014938354492188
7 0.0006718635559082031
6 0.0017290115356445312
▁ 0.06463623046875
8 0.0032444000244140625
8 0.0007443428039550781
8 0.00018739700317382812
- 0.00312042236328125
2 0.0022258758544921875
8 0.00017142295837402344
2 0.000461578369140625
- 0.0007348060607910156
0 0.0015735626220703125
4 0.001033782958984375
7 0.0006132125854492188
6 0.0016145706176757812
▁ 0.059295654296875
8 0.0027866363525390625
8 0.0007081031799316406
8 0.00017261505126953125
- 0.0025997161865234375
2 0.0023212432861328125
8 0.00016117095947265625
2 0.00039887428283691406
- 0.0005650520324707031
0 0.0016889572143554688
4 0.0010194778442382812
7 0.0006103515625
6 0.001506805419921875
▁ 0.054412841796875
8 0.0027790069580078125
8 0.0006270408630371094
8 0.00013494491577148438
- 0.002124786376953125
2 0.0018796920776367188
8 0.00012063980102539062
2 0.00031876564025878906
- 0.0005064010620117188
0 0.001247406005859375
4 0.0008225440979003906
7 0.0005598068237304688
6 0.0013675689697265625
▁ 0.04901123046875
8 0.00262451171875
8 0.0005588531494140625
8 0.00012123584747314453
- 0.00199127197265625
2 0.0017271041870117188
8 0.00010609626770019531
2 0.00029921531677246094
- 0.00047588348388671875
0 0.00124359130859375
4 0.0007848739624023438
7 0.0005574226379394531
6 0.0011930465698242188
▁ 0.044677734375
8 0.002368927001953125
8 0.000492095947265625
8 0.0001112222671508789
- 0.0018167495727539062
2 0.0017557144165039062
8 0.00010883808135986328
2 0.00028443336486816406
- 0.00043702125549316406
0 0.00110626220703125
4 0.0007691383361816406
7 0.0004973411560058594
6 0.001110076904296875
▁ 0.039306640625
8 0.0021343231201171875
8 0.0004642009735107422
8 0.00010538101196289062
- 0.0017452239990234375
2 0.0015583038330078125
8 0.00010180473327636719
2 0.0002601146697998047
- 0.000396728515625
0 0.0010738372802734375
4 0.0007772445678710938
7 0.00046539306640625
6 0.0010824203491210938
▁ 0.037322998046875
8 0.00191497802734375
8 0.00041604042053222656
8 9.584426879882812e-05
- 0.0016088485717773438
2 0.0016355514526367188
8 9.21487808227539e-05
2 0.00023508071899414062
- 0.0003762245178222656
0 0.0009937286376953125
4 0.0007143020629882812
7 0.00044608116149902344
6 0.0010461807250976562
▁ 0.038604736328125
8 0.001865386962890625
8 0.00040149688720703125
8 9.000301361083984e-05
- 0.0015478134155273438
2 0.0014200210571289062
8 8.285045623779297e-05
2 0.00020432472229003906
- 0.0003516674041748047
0 0.000843048095703125
4 0.0006890296936035156
7 0.0004367828369140625
6 0.0009822845458984375
▁ 0.03515625
8 0.0017900466918945312
8 0.00036597251892089844
8 8.046627044677734e-05
- 0.0014629364013671875
2 0.00135040283203125
8 6.949901580810547e-05
2 0.0001842975616455078
- 0.00033783912658691406
0 0.0007467269897460938
4 0.0006003379821777344
7 0.00038933753967285156
6 0.0009126663208007812
▁ 0.034027099609375
8 0.0017719268798828125
8 0.0003612041473388672
8 8.392333984375e-05
- 0.0014104843139648438
2 0.0013713836669921875
8 6.580352783203125e-05
2 0.0001876354217529297
- 0.00034117698669433594
0 0.0008029937744140625
4 0.0006036758422851562
7 0.0004074573516845703
6 0.0008916854858398438
▁ 0.03515625
8 0.0017032623291015625
8 0.0003414154052734375
8 8.153915405273438e-05
- 0.00144195556640625
2 0.00141143798828125
8 7.367134094238281e-05
2 0.0001767873764038086
- 0.0003464221954345703
0 0.0007252693176269531
4 0.000606536865234375
7 0.00037407875061035156
6 0.0008797645568847656
▁ 0.034271240234375
8 0.00159454345703125
8 0.00033473968505859375
8 8.404254913330078e-05
- 0.0014047622680664062
2 0.0013093948364257812
8 6.556510925292969e-05
2 0.00016236305236816406
- 0.000331878662109375
0 0.0007042884826660156
4 0.0006160736083984375
7 0.0003662109375
6 0.0008320808410644531
▁ 0.034423828125
8 0.0015001296997070312
8 0.0003082752227783203
8 7.593631744384766e-05
- 0.001255035400390625
2 0.0012884140014648438
8 5.53131103515625e-05
2 0.0001252889633178711
- 0.0002739429473876953
0 0.0007119178771972656
4 0.0005478858947753906
7 0.0003190040588378906
6 0.0007300376892089844
▁ 0.035552978515625
8 0.0016078948974609375
8 0.0003075599670410156
8 7.200241088867188e-05
- 0.0011386871337890625
2 0.001129150390625
8 4.851818084716797e-05
2 0.0001074075698852539
- 0.00024390220642089844
0 0.0005741119384765625
4 0.0004832744598388672
7 0.0003027915954589844
6 0.0006232261657714844
▁ 0.032135009765625
8 0.0014905929565429688
8 0.00026154518127441406
8 5.793571472167969e-05
- 0.0010013580322265625
2 0.0009946823120117188
8 3.9696693420410156e-05
2 9.310245513916016e-05
- 0.00021851062774658203
0 0.0005574226379394531
4 0.00046563148498535156
7 0.0002963542938232422
6 0.0005474090576171875
▁ 0.032012939453125
8 0.0014896392822265625
8 0.00023734569549560547
8 5.435943603515625e-05
- 0.0009474754333496094
2 0.0010442733764648438
8 4.1484832763671875e-05
2 9.715557098388672e-05
- 0.00020647048950195312
0 0.0005593299865722656
4 0.0004775524139404297
7 0.0003037452697753906
6 0.000522613525390625
▁ 0.02935791015625
8 0.0015172958374023438
8 0.00022602081298828125
8 4.875659942626953e-05
- 0.00092315673828125
2 0.0009293556213378906
8 3.9577484130859375e-05
2 9.310245513916016e-05
- 0.00019550323486328125
0 0.0005908012390136719
4 0.00046372413635253906
7 0.00029277801513671875
6 0.0005321502685546875
▁ 0.030975341796875
8 0.0014772415161132812
8 0.00021827220916748047
8 4.780292510986328e-05
- 0.0008864402770996094
2 0.0009531974792480469
8 4.029273986816406e-05
2 9.632110595703125e-05
- 0.00021195411682128906
0 0.0005841255187988281
4 0.0004801750183105469
7 0.00030350685119628906
6 0.0005512237548828125
▁ 0.02923583984375
8 0.00140380859375
8 0.00022172927856445312
8 4.780292510986328e-05
- 0.0009374618530273438
2 0.0009431838989257812
8 4.553794860839844e-05
2 9.047985076904297e-05
- 0.00021636486053466797
0 0.0005879402160644531
4 0.0004911422729492188
7 0.000293731689453125
6 0.0005803108215332031
▁ 0.0276336669921875
8 0.0012950897216796875
8 0.0002257823944091797
8 4.935264587402344e-05
- 0.0009589195251464844
2 0.0009403228759765625
8 4.57763671875e-05
2 9.02414321899414e-05
- 0.00021839141845703125
0 0.0005993843078613281
4 0.0005083084106445312
7 0.0002872943878173828
6 0.0005898475646972656
▁ 0.0255126953125
8 0.001201629638671875
8 0.00020074844360351562
8 4.649162292480469e-05
- 0.0009002685546875
2 0.0009293556213378906
8 4.124641418457031e-05
2 8.26120376586914e-05
- 0.00020253658294677734
0 0.0005841255187988281
4 0.0004684925079345703
7 0.00027632713317871094
6 0.00052642822265625
▁ 0.02655029296875
8 0.0012111663818359375
8 0.00020611286163330078
8 4.9114227294921875e-05
- 0.0009136199951171875
2 0.0009698867797851562
8 4.088878631591797e-05
2 7.796287536621094e-05
- 0.0001990795135498047
0 0.0005102157592773438
4 0.00041866302490234375
7 0.0002713203430175781
6 0.0005083084106445312
▁ 0.02593994140625
8 0.0012416839599609375
8 0.00019919872283935547
8 4.5180320739746094e-05
- 0.000858306884765625
2 0.0008897781372070312
8 3.814697265625e-05
2 7.62939453125e-05
- 0.00019884109497070312
0 0.00046944618225097656
4 0.0003955364227294922
7 0.0002522468566894531
6 0.00046062469482421875
▁ 0.025115966796875
8 0.00115966796875
8 0.00017642974853515625
8 4.2319297790527344e-05
- 0.0008058547973632812
2 0.0008673667907714844
8 3.719329833984375e-05
2 7.236003875732422e-05
- 0.00019252300262451172
0 0.00046634674072265625
4 0.0003807544708251953
7 0.00024044513702392578
6 0.00042176246643066406
▁ 0.025604248046875
8 0.0011682510375976562
8 0.00017750263214111328
8 4.172325134277344e-05
- 0.0007786750793457031
2 0.0008907318115234375
8 3.814697265625e-05
2 7.152557373046875e-05
- 0.0001888275146484375
0 0.00042557716369628906
4 0.0003674030303955078
7 0.00023305416107177734
6 0.00041222572326660156
▁ 0.0265350341796875
8 0.001125335693359375
8 0.00018143653869628906
8 4.112720489501953e-05
- 0.0007643699645996094
2 0.0009279251098632812
8 3.898143768310547e-05
2 7.152557373046875e-05
- 0.00017690658569335938
0 0.00046563148498535156
4 0.0004031658172607422
7 0.0002532005310058594
6 0.0004181861877441406
▁ 0.02642822265625
8 0.0011234283447265625
8 0.00017976760864257812
8 4.0650367736816406e-05
- 0.0007071495056152344
2 0.0009665489196777344
8 3.743171691894531e-05
2 6.67572021484375e-05
- 0.00016450881958007812
0 0.0004627704620361328
4 0.000385284423828125
7 0.00026345252990722656
6 0.000396728515625
▁ 0.0255584716796875
8 0.001232147216796875
8 0.0001938343048095703
8 4.184246063232422e-05
- 0.0007033348083496094
2 0.0009593963623046875
8 3.4928321838378906e-05
2 6.842613220214844e-05
- 0.00015079975128173828
0 0.000514984130859375
4 0.0003731250762939453
7 0.00027489662170410156
6 0.0003666877746582031
▁ 0.024078369140625
8 0.001148223876953125
8 0.00019180774688720703
8 4.1484832763671875e-05
- 0.0006856918334960938
2 0.0010166168212890625
8 3.719329833984375e-05
2 7.271766662597656e-05
- 0.0001550912857055664
0 0.0005097389221191406
4 0.0003769397735595703
7 0.0002799034118652344
6 0.0003533363342285156
▁ 0.0235595703125
8 0.0010862350463867188
8 0.00019621849060058594
8 4.363059997558594e-05
- 0.0007295608520507812
2 0.0010175704956054688
8 4.1604042053222656e-05
2 8.213520050048828e-05
- 0.0001659393310546875
0 0.0005140304565429688
4 0.00040268898010253906
7 0.00029158592224121094
6 0.00036597251892089844
▁ 0.023162841796875
8 0.001018524169921875
8 0.00019752979278564453
8 4.208087921142578e-05
- 0.0007238388061523438
2 0.0010251998901367188
8 4.017353057861328e-05
2 8.308887481689453e-05
- 0.00015556812286376953
0 0.0005817413330078125
4 0.00041866302490234375
7 0.00027251243591308594
6 0.00037741661071777344
▁ 0.02398681640625
8 0.0009708404541015625
8 0.00019156932830810547
8 4.1365623474121094e-05
- 0.0007290840148925781
2 0.0010576248168945312
8 3.910064697265625e-05
2 8.082389831542969e-05
- 0.0001596212387084961
0 0.0005340576171875
4 0.0004100799560546875
7 0.00026798248291015625
6 0.00037932395935058594
▁ 0.0238189697265625
8 0.0009756088256835938
8 0.00019347667694091797
8 3.886222839355469e-05
- 0.0006885528564453125
2 0.0009655952453613281
8 3.504753112792969e-05
2 7.033348083496094e-05
- 0.00015115737915039062
0 0.0004782676696777344
4 0.0003714561462402344
7 0.00025916099548339844
6 0.0003597736358642578
▁ 0.0238800048828125
8 0.0009832382202148438
8 0.00017750263214111328
8 3.552436828613281e-05
- 0.0006551742553710938
2 0.00096893310546875
8 3.0279159545898438e-05
2 6.771087646484375e-05
- 0.0001475811004638672
0 0.00045108795166015625
4 0.0003719329833984375
7 0.0002613067626953125
6 0.0003445148468017578
▁ 0.0220947265625
8 0.0009360313415527344
8 0.0001513957977294922
8 3.0517578125e-05
- 0.0006117820739746094
2 0.00087738037109375
8 2.8848648071289062e-05
2 6.210803985595703e-05
- 0.0001399517059326172
0 0.0004851818084716797
4 0.00037097930908203125
7 0.0002567768096923828
6 0.0003311634063720703
▁ 0.022552490234375
8 0.0009288787841796875
8 0.00014781951904296875
8 3.0517578125e-05
- 0.00061798095703125
2 0.0009045600891113281
8 2.6226043701171875e-05
2 6.258487701416016e-05
- 0.00014603137969970703
0 0.0004513263702392578
4 0.0003516674041748047
7 0.00025844573974609375
6 0.0003349781036376953
▁ 0.02227783203125
8 0.0009212493896484375
8 0.00014221668243408203
8 2.8848648071289062e-05
- 0.0006003379821777344
2 0.0008983612060546875
8 2.765655517578125e-05
2 6.29425048828125e-05
- 0.00014162063598632812
0 0.0005125999450683594
4 0.0003962516784667969
7 0.00025725364685058594
6 0.0003345012664794922
▁ 0.021728515625
8 0.0008769035339355469
8 0.00013768672943115234
8 2.8371810913085938e-05
- 0.0005879402160644531
2 0.0008883476257324219
8 2.47955322265625e-05
2 5.984306335449219e-05
- 0.00014519691467285156
0 0.00044727325439453125
4 0.0003864765167236328
7 0.00025177001953125
6 0.00032520294189453125
▁ 0.020538330078125
8 0.00087738037109375
8 0.0001417398452758789
8 2.8133392333984375e-05
- 0.0005640983581542969
2 0.0008707046508789062
8 2.3603439331054688e-05
2 5.8650970458984375e-05
- 0.00013005733489990234
0 0.00046253204345703125
4 0.0003783702850341797
7 0.00024187564849853516
6 0.00030612945556640625
▁ 0.02001953125
8 0.0008473396301269531
8 0.00014138221740722656
8 2.849102020263672e-05
- 0.0005464553833007812
2 0.0009279251098632812
8 2.3603439331054688e-05
2 5.8770179748535156e-05
- 0.0001310110092163086
0 0.0004591941833496094
4 0.00041103363037109375
7 0.000247955322265625
6 0.0003027915954589844
▁ 0.0197906494140625
8 0.000865936279296875
8 0.00013756752014160156
8 2.7894973754882812e-05
- 0.00052642822265625
2 0.0008296966552734375
8 2.372264862060547e-05
2 5.793571472167969e-05
- 0.00012290477752685547
0 0.00041985511779785156
4 0.0003962516784667969
7 0.0002448558807373047
6 0.0002980232238769531
▁ 0.0196533203125
8 0.0008993148803710938
8 0.00013899803161621094
8 2.8133392333984375e-05
- 0.0005130767822265625
2 0.0008707046508789062
8 2.288818359375e-05
2 6.0677528381347656e-05
- 0.00012254714965820312
0 0.0004756450653076172
4 0.00039005279541015625
7 0.00022792816162109375
6 0.0002884864807128906
▁The 7.6953125
▁CD 3.814453125
- 1.0029296875
Re 0.74755859375
Write 2.0859375
able 0.192138671875
▁technology 1.05859375
▁was 4.01171875
▁un 5.1171875
ve 0.218505859375
iled 0.004688262939453125
▁through 5.890625
▁a 1.30859375
▁joint 4.6484375
▁press 3.017578125
▁conference 1.095703125
▁by 2.625
▁H 3.734375
ew 1.41015625
lett 0.10858154296875
- 0.1881103515625
Pack 0.044647216796875
ard 0.005229949951171875
, 2.009765625
▁Sony 3.806640625
, 1.0009765625
▁and 0.88671875
▁Phill 5.53515625
ips 0.00826263427734375
. 1.42578125
▁The 1.025390625
▁new 2.66015625
▁technology 1.1357421875
▁is 1.6943359375
▁expected 2.798828125
▁to 0.0440673828125
▁revolution 3.58203125
ize 0.04034423828125
▁the 0.517578125
▁market 3.888671875
▁as 4.1171875
▁it 0.8681640625
▁allows 2.876953125
▁people 3.96875
▁to 0.1630859375
▁rewrite 5.82421875
▁over 7.73046875
▁CD 2.126953125
s 1.13671875
, 2.033203125
▁which 2.408203125
▁brings 7.2265625
▁the 2.23046875
▁storage 4.4609375
▁capacity 0.65869140625
▁of 1.2001953125
▁CD 1.0537109375
s 0.3154296875
▁to 0.751953125
▁a 2.328125
▁whole 2.69921875
▁new 0.11016845703125
▁level 0.227294921875
. 0.1839599609375
▁The 1.1806640625
▁CD 2.23046875
- 0.310546875
Re 0.3984375
Write 0.05340576171875
able 0.0166015625
▁technology 0.407958984375
▁has 2.896484375
▁numerous 7.203125
▁applications 1.458984375
, 1.5078125
▁especially 4.1171875
▁in 0.83837890625
▁the 0.98583984375
▁real 5.34375
m 0.083984375
▁of 0.007572174072265625
▁arch 4.99609375
iving 0.361572265625
▁and 1.404296875
▁data 2.25
▁storage 0.646484375
. 0.358642578125
▁It 2.443359375
▁provides 4.91796875
▁an 2.45703125
▁afford 3.6484375
able 0.00864410400390625
▁and 1.3759765625
▁efficient 2.515625
▁method 1.892578125
▁for 1.2978515625
▁people 2.62890625
▁to 0.1591796875
▁store 1.49609375
▁and 1.666015625
▁save 4.28125
▁their 1.5908203125
▁files 3.18359375
, 2.09375
▁which 2.041015625
▁was 4.484375
▁once 3.4921875
▁a 1.849609375
▁da 3.560546875
un 0.0016393661499023438
ting 0.00010371208190917969
▁task 0.376708984375
, 3.109375
▁especially 1.8427734375
▁when 1.998046875
▁it 1.712890625
▁comes 0.51806640625
▁to 0.0198516845703125
▁large 3.576171875
▁files 1.255859375
▁and 1.88671875
▁data 1.5986328125
. 0.69921875
▁The 1.119140625
▁technology 1.041015625
▁easily 7.90625
▁out 5.8671875
classes 3.3125
▁other 2.505859375
▁available 5.84375
▁options 3.171875
▁on 3.146484375
▁the 0.0226287841796875
▁market 0.036773681640625
▁since 5.20703125
▁it 0.11749267578125
▁can 2.33984375
▁store 1.8974609375
▁up 1.96875
▁to 0.0082244873046875
▁ 0.2095947265625
6 2.6953125
5 2.166015625
0 1.134765625
▁meg 2.56640625
aby 0.035858154296875
tes 0.01108551025390625
▁of 0.67431640625
▁data 0.43603515625
, 1.82421875
▁about 5.68359375
▁ 0.7080078125
7 3.169921875
4 4.0859375
▁minutes 6.0390625
▁of 0.163818359375
▁audio 1.982421875
, 0.6279296875
▁in 7.19140625
▁a 1.6669921875
▁single 0.84814453125
▁disc 2.431640625
, 2.041015625
▁which 1.0185546875
▁is 0.560546875
▁more 2.60546875
▁than 0.04168701171875
▁double 1.8408203125
▁what 2.4921875
▁currently 5.57421875
▁available 1.5146484375
▁technology 2.45703125
▁can 0.448486328125
▁handle 2.982421875
. 0.10272216796875
▁Moreover 4.7734375
, 0.00519561767578125
▁since 4.890625
▁it 1.2646484375
▁is 1.0703125
▁re 5.05859375
writ 0.156982421875
able 0.003444671630859375
, 0.1812744140625
▁it 1.046875
▁can 1.1455078125
▁be 0.72705078125
▁used 1.4814453125
▁repeatedly 4.40234375
▁to 2.212890625
▁store 1.111328125
▁new 3.5390625
▁files 1.3310546875
▁and 1.5185546875
▁data 0.68798828125
▁multiple 10.7421875
▁times 0.01947021484375
, 1.6953125
▁making 2.736328125
▁it 0.27587890625
▁a 1.3623046875
▁highly 2.943359375
▁econom 3.419921875
ical 0.0124359130859375
▁solution 2.5546875
. 1.2080078125
▁The 1.2763671875
▁new 2.568359375
▁CD 2.013671875
- 0.218017578125
Re 0.10675048828125
Write 0.01166534423828125
able 0.00550079345703125
▁technology 0.04705810546875
▁is 1.208984375
▁a 3.0234375
▁result 4.97265625
▁of 0.009033203125
▁years 2.46875
- 7.59375
long 0.142578125
▁research 0.87548828125
▁and 0.57177734375
▁development 0.1632080078125
▁by 1.521484375
▁the 1.828125
▁three 1.791015625
▁high 7.23046875
▁te 2.83203125
ch 0.030517578125
▁gi 0.1962890625
ants 0.0005164146423339844
. 0.9716796875
▁It 1.974609375
▁is 1.0654296875
▁based 3.70703125
▁on 0.050323486328125
▁a 1.1923828125
▁technique 5.26953125
▁called 1.15234375
▁phase 5.7578125
- 0.75
change 0.77734375
▁technology 3.6484375
, 0.369384765625
▁which 0.2342529296875
▁allows 1.703125
▁the 1.265625
▁las 7.21875
er 0.189453125
▁beam 2.625
▁to 0.2086181640625
▁rewrite 2.42578125
▁the 1.0234375
▁data 1.1875
▁on 1.3896484375
▁the 0.39990234375
▁disc 0.57861328125
▁at 3.677734375
▁varying 5.53125
▁spe 0.38427734375
eds 0.0001367330551147461
▁without 5.50390625
▁comprom 4.2265625
ising 0.004322052001953125
▁the 0.4267578125
▁integrity 1.93359375
▁of 0.10064697265625
▁the 0.040130615234375
▁data 0.9365234375
▁already 8.21875
▁stored 0.59619140625
. 1.2060546875
▁The 1.068359375
▁technology 1.4345703125
▁is 1.06640625
▁expected 1.4794921875
▁to 0.005977630615234375
▁have 3.5234375
▁a 0.6005859375
▁significant 2.21875
▁impact 0.22021484375
▁on 0.2244873046875
▁the 0.3701171875
▁market 1.7041015625
, 0.99951171875
▁especially 0.970703125
▁for 2.73828125
▁small 4.11328125
▁business 1.2001953125
es 0.11480712890625
▁and 0.93310546875
▁individuals 1.71484375
▁who 0.904296875
▁need 2.369140625
▁cost 6.609375
- 0.1151123046875
effect 0.207763671875
ive 0.0025882720947265625
▁solutions 1.7138671875
▁to 1.154296875
▁store 1.240234375
▁their 1.5087890625
▁data 0.93798828125
. 0.7783203125
▁It 1.849609375
▁is 0.775390625
▁also 0.95361328125
▁spec 9.5546875
ulated 0.0028820037841796875
▁that 0.130126953125
▁it 2.39453125
▁could 1.8046875
▁lead 3.916015625
▁to 0.00771331787109375
▁the 0.99853515625
▁creation 1.8232421875
▁of 0.005340576171875
▁new 0.97412109375
▁mark 2.77734375
ets 0.00012171268463134766
▁for 0.83740234375
▁CD 1.7958984375
- 1.3837890625
ROM 1.5185546875
s 1.23828125
▁as 3.873046875
▁the 2.220703125
▁re 4.96484375
- 5.06640625
writ 0.8515625
able 0.035430908203125
▁feature 5.375
▁allows 2.12109375
▁for 1.75390625
▁the 1.2109375
▁storage 2.349609375
▁of 0.100830078125
▁dynamic 9.1640625
▁data 0.91015625
▁that 2.861328125
▁is 1.0400390625
▁updated 1.638671875
▁regularly 2.208984375
. 0.299072265625
▁Moreover 3.771484375
, 0.002323150634765625
▁with 3.923828125
▁the 0.271728515625
▁release 3.890625
▁of 0.00708770751953125
▁the 0.45654296875
▁CD 1.7734375
- 0.026275634765625
Re 0.09368896484375
Write 0.0138397216796875
able 0.00510406494140625
▁technology 0.035675048828125
, 0.06414794921875
▁consum 4.046875
ers 0.0005578994750976562
▁can 1.201171875
▁expect 1.203125
▁a 2.34765625
▁drop 7.3984375
▁in 0.0303192138671875
▁the 0.437255859375
▁price 0.74267578125
▁of 0.07305908203125
▁standard 6.3515625
▁CD 0.42041015625
- 1.6376953125
ROM 0.013427734375
s 0.30908203125
▁since 3.181640625
▁the 0.93896484375
▁market 6.23046875
▁will 1.4345703125
▁be 1.3564453125
▁opened 5.94140625
▁up 0.89501953125
▁to 0.213134765625
▁more 3.150390625
▁econom 7.12109375
ical 0.10498046875
▁alternatives 3.2578125
. 0.2464599609375
▁" 6.05078125
This 2.673828125
▁is 1.1396484375
▁an 2.19921875
▁exc 0.80517578125
iting 0.00019049644470214844
▁time 1.595703125
▁for 0.36474609375
▁the 0.8583984375
▁industry 2.306640625
▁and 1.837890625
▁for 1.1630859375
▁all 2.662109375
▁those 4.01171875
▁who 0.58203125
▁need 4.94140625
▁to 1.080078125
▁store 0.59521484375
▁and 1.5546875
▁access 2.23046875
▁their 1.681640625
▁data 0.74609375
▁regularly 6.2578125
," 0.86767578125
▁said 0.344970703125
▁Ko 8.734375
ichi 1.7548828125
▁Su 4.48828125
zu 1.2548828125
ki 0.01235198974609375
▁of 3.337890625
▁Sony 0.94873046875
. 0.85009765625
▁" 0.1866455078125
This 2.744140625
▁release 5.265625
▁will 1.5625
▁allow 2.2734375
▁for 1.9794921875
▁the 1.091796875
▁efficient 5.4453125
▁management 3.828125
▁of 0.192626953125
▁files 3.626953125
▁and 0.65869140625
▁the 3.048828125
▁creation 2.244140625
▁of 0.0218353271484375
▁new 0.7978515625
▁opportun 3.42578125
ities 0.0008497238159179688
▁within 5.05859375
▁the 0.2291259765625
▁market 1.646484375
." 0.900390625
▁The 1.3857421875
▁CD 1.876953125
- 0.025665283203125
Re 0.05169677734375
Write 0.009002685546875
able 0.001728057861328125
▁technology 0.0260009765625
▁is 0.859375
▁a 3.251953125
▁welcome 5.4375
▁sight 6.02734375
▁for 0.5673828125
▁many 3.171875
▁people 2.474609375
▁as 3.46484375
▁they 3.296875
▁no 4.31640625
▁longer 0.0152435302734375
▁need 1.033203125
▁to 0.046417236328125
▁worry 1.33203125
▁about 0.009552001953125
▁their 2.341796875
▁data 0.779296875
▁being 0.47119140625
▁lost 0.56982421875
▁or 0.771484375
▁comprom 4.1640625
ised 0.00444793701171875
. 0.6494140625
▁The 1.65234375
▁technology 0.8193359375
▁is 0.90576171875
▁expected 0.71923828125
▁to 0.0013427734375
▁be 2.474609375
▁a 2.14453125
▁hit 2.775390625
▁among 1.515625
▁students 6.40625
, 0.54150390625
▁research 3.994140625
ers 0.00826263427734375
, 0.0435791015625
▁and 0.246826171875
▁profession 2.62890625
als 4.661083221435547e-05
, 1.6943359375
▁who 1.3701171875
▁generate 10.4765625
▁a 0.884765625
▁large 1.59765625
▁amount 0.20263671875
▁of 0.00299072265625
▁data 0.10498046875
▁and 1.6533203125
▁need 1.1494140625
▁easily 6.5546875
▁accessible 0.2362060546875
▁and 1.4091796875
▁reliable 3.12890625
▁storage 0.76708984375
▁solutions 0.63037109375
. 0.0810546875
▁In 3.384765625
▁conclusion 2.560546875
, 0.007610321044921875
▁the 0.2900390625
▁release 1.7255859375
▁of 0.00821685791015625
▁the 0.09075927734375
▁CD 0.6572265625
- 0.00862884521484375
Re 0.0277557373046875
Write 0.00684356689453125
able 0.0018978118896484375
▁technology 0.0098114013671875
▁is 0.58642578125
▁a 0.5458984375
▁break 4.72265625
through 0.00859832763671875
▁in 0.6767578125
▁the 0.2296142578125
▁field 1.4833984375
▁of 0.008941650390625
▁storage 1.9375
▁technology 1.478515625
, 1.552734375
▁and 2.14453125
▁it 0.5478515625
▁is 0.88525390625
▁expected 0.8076171875
▁to 0.009918212890625
▁have 0.81201171875
▁a 0.06817626953125
▁significant 0.327392578125
▁impact 0.019744873046875
▁on 0.034820556640625
▁the 0.050872802734375
▁market 0.19677734375
. 0.445556640625
▁The 1.3515625
▁technology 0.455810546875
' 5.234375
s 0.00908660888671875
▁high 3.4921875
▁capacity 1.51171875
▁and 0.67236328125
▁afford 1.7587890625
ability 0.48681640625
▁make 0.73193359375
▁it 0.00406646728515625
▁an 1.0791015625
▁ideal 1.1005859375
▁choice 2.025390625
▁for 0.0033721923828125
▁people 1.685546875
▁who 0.2274169921875
▁need 0.2242431640625
▁to 0.92236328125
▁constantly 6.71484375
▁manage 4.10546875
▁and 1.06640625
▁store 1.1640625
▁data 1.6357421875
. 0.208984375
▁Furthermore 4.1875
, 0.0006008148193359375
▁the 0.6279296875
▁technology 0.73095703125
▁could 6.03125
▁create 3.671875
▁new 0.30126953125
▁business 4.4140625
▁opportun 0.08526611328125
ities 9.393692016601562e-05
, 3.501953125
▁especially 0.69775390625
▁for 0.46435546875
▁small 0.7822265625
▁business 0.87890625
es 0.03106689453125
▁who 3.208984375
▁need 0.82373046875
▁to 1.2919921875
▁efficiently 2.591796875
▁store 1.322265625
▁their 1.490234375
▁vital 7.6015625
▁information 0.92236328125
. 0.2210693359375
