▁Several 8.6171875
▁high 6.1171875
▁te 5.8046875
ch 0.0140228271484375
▁gi 4.8828125
ants 4.208087921142578e-05
▁have 1.4970703125
▁come 3.75390625
▁together 1.2490234375
▁to 0.25146484375
▁announ 4.49609375
ce 0.005859375
▁the 1.1298828125
▁release 3.69921875
▁of 0.0341796875
▁a 1.15625
▁new 0.81787109375
▁technology 4.02734375
. 3.74609375
▁The 1.34375
▁technology 1.4658203125
▁is 0.9296875
▁ 7.6484375
8 3.71484375
8 5.01953125
8 2.494140625
- 1.9931640625
2 3.6328125
8 2.38671875
2 0.89013671875
- 0.06884765625
0 0.947265625
4 0.994140625
7 0.433349609375
6 0.822265625
▁ 4.21484375
8 0.927734375
8 0.2313232421875
8 0.004901885986328125
- 0.1279296875
2 0.058746337890625
8 0.0196533203125
2 0.00711822509765625
- 0.00574493408203125
0 0.005916595458984375
4 0.00782012939453125
7 0.016082763671875
6 0.0474853515625
▁ 1.8798828125
8 0.1436767578125
8 0.038848876953125
8 0.0011472702026367188
- 0.02423095703125
2 0.01284027099609375
8 0.00485992431640625
2 0.0014190673828125
- 0.0016393661499023438
0 0.002132415771484375
4 0.00191497802734375
7 0.001773834228515625
6 0.0037746429443359375
▁ 0.81591796875
8 0.044342041015625
8 0.01009368896484375
8 0.0004935264587402344
- 0.0047454833984375
2 0.004878997802734375
8 0.0020771026611328125
2 0.0005216598510742188
- 0.0004992485046386719
0 0.0010356903076171875
4 0.0006909370422363281
7 0.0006742477416992188
6 0.0013599395751953125
▁ 0.56787109375
8 0.030426025390625
8 0.008697509765625
8 0.0003654956817626953
- 0.002536773681640625
2 0.0032749176025390625
8 0.0014324188232421875
2 0.0003650188446044922
- 0.0003147125244140625
0 0.0006923675537109375
4 0.0004229545593261719
7 0.00052642822265625
6 0.0010662078857421875
▁ 0.2060546875
8 0.01305389404296875
8 0.004451751708984375
8 0.00024628639221191406
- 0.0013036727905273438
2 0.0015344619750976562
8 0.0008130073547363281
2 0.00020563602447509766
- 0.0001703500747680664
0 0.0003809928894042969
4 0.0002624988555908203
7 0.00034999847412109375
6 0.0008382797241210938
▁ 0.1246337890625
8 0.00907135009765625
8 0.003406524658203125
8 0.0002181529998779297
- 0.0010499954223632812
2 0.0011119842529296875
8 0.0004627704620361328
2 0.0001418590545654297
- 0.0001461505889892578
0 0.0002796649932861328
4 0.0002086162567138672
7 0.0002884864807128906
6 0.0007953643798828125
▁ 0.10577392578125
8 0.00852203369140625
8 0.0029296875
8 0.00018966197967529297
- 0.0009088516235351562
2 0.0010166168212890625
8 0.0004773139953613281
2 0.00013554096221923828
- 0.00010716915130615234
0 0.00024390220642089844
4 0.00018358230590820312
7 0.0002598762512207031
6 0.0006914138793945312
▁ 0.08831787109375
8 0.00814056396484375
8 0.0028934478759765625
8 0.00016748905181884766
- 0.0007719993591308594
2 0.0008258819580078125
8 0.0004267692565917969
2 0.0001163482666015625
- 8.654594421386719e-05
0 0.00022041797637939453
4 0.00016105175018310547
7 0.00022804737091064453
6 0.0006480216979980469
▁ 0.0819091796875
8 0.007724761962890625
8 0.002437591552734375
8 0.00014460086822509766
- 0.0006456375122070312
2 0.0007953643798828125
8 0.000335693359375
2 0.00011491775512695312
- 8.380413055419922e-05
0 0.00019693374633789062
4 0.00016319751739501953
7 0.00023746490478515625
6 0.0006551742553710938
▁ 0.068115234375
8 0.007457733154296875
8 0.002437591552734375
8 0.00013399124145507812
- 0.0005240440368652344
2 0.0007352828979492188
8 0.0003368854522705078
2 0.00010156631469726562
- 8.296966552734375e-05
0 0.0001747608184814453
4 0.00014519691467285156
7 0.00022518634796142578
6 0.000644683837890625
▁ 0.06317138671875
8 0.007228851318359375
8 0.002140045166015625
8 0.00011789798736572266
- 0.0004992485046386719
2 0.0007405281066894531
8 0.000274658203125
2 0.00010192394256591797
- 9.262561798095703e-05
0 0.00019359588623046875
4 0.00014984607696533203
7 0.00021779537200927734
6 0.0006203651428222656
▁ 0.058502197265625
8 0.006435394287109375
8 0.001651763916015625
8 0.00010037422180175781
- 0.00043010711669921875
2 0.00066375732421875
8 0.0002849102020263672
2 9.131431579589844e-05
- 7.843971252441406e-05
0 0.00017368793487548828
4 0.0001468658447265625
7 0.00020492076873779297
6 0.0005755424499511719
▁ 0.057891845703125
8 0.005962371826171875
8 0.001529693603515625
8 9.310245513916016e-05
- 0.0003476142883300781
2 0.0006260871887207031
8 0.00024330615997314453
2 8.237361907958984e-05
- 6.461143493652344e-05
0 0.0001537799835205078
4 0.00014865398406982422
7 0.000194549560546875
6 0.0005321502685546875
▁ 0.052398681640625
8 0.0054931640625
8 0.00127410888671875
8 8.594989776611328e-05
- 0.0003058910369873047
2 0.0005450248718261719
8 0.0001519918441772461
2 8.296966552734375e-05
- 5.6624412536621094e-05
0 0.000141143798828125
4 0.00014472007751464844
7 0.0001823902130126953
6 0.0004911422729492188
▁ 0.047119140625
8 0.00583648681640625
8 0.0011339187622070312
8 8.308887481689453e-05
- 0.0003020763397216797
2 0.00051116943359375
8 0.0001697540283203125
2 7.82012939453125e-05
- 5.602836608886719e-05
0 0.00012505054473876953
4 0.00013625621795654297
7 0.00017082691192626953
6 0.00043487548828125
▁ 0.041717529296875
8 0.005573272705078125
8 0.0010404586791992188
8 8.666515350341797e-05
- 0.000270843505859375
2 0.00046706199645996094
8 0.00019109249114990234
2 7.331371307373047e-05
- 5.733966827392578e-05
0 0.000125885009765625
4 0.00013566017150878906
7 0.00016605854034423828
6 0.00043129920959472656
▁ 0.039825439453125
8 0.005558013916015625
8 0.00104522705078125
8 7.963180541992188e-05
- 0.00024330615997314453
2 0.0004639625549316406
8 0.00015985965728759766
2 5.805492401123047e-05
- 4.1961669921875e-05
0 0.00010275840759277344
4 0.00012028217315673828
7 0.00015211105346679688
6 0.00042366981506347656
▁ 0.036712646484375
8 0.00498199462890625
8 0.0009899139404296875
8 7.56978988647461e-05
- 0.00021207332611083984
2 0.0004229545593261719
8 0.00014197826385498047
2 6.127357482910156e-05
- 5.364418029785156e-05
0 0.00010311603546142578
4 0.00015592575073242188
7 0.0001748800277709961
6 0.00042438507080078125
▁ 0.035736083984375
8 0.005046844482421875
8 0.0010709762573242188
8 8.022785186767578e-05
- 0.0002472400665283203
2 0.00042557716369628906
8 0.00010597705841064453
2 6.377696990966797e-05
- 4.2319297790527344e-05
0 9.632110595703125e-05
4 0.00017011165618896484
7 0.0001894235610961914
6 0.0004169940948486328
▁ 0.0330810546875
8 0.004886627197265625
8 0.0010232925415039062
8 7.62939453125e-05
- 0.000255584716796875
2 0.0004076957702636719
8 0.0001246929168701172
2 5.412101745605469e-05
- 4.649162292480469e-05
0 9.59634780883789e-05
4 0.00016200542449951172
7 0.00018095970153808594
6 0.0003657341003417969
▁ 0.03253173828125
8 0.00457763671875
8 0.0008845329284667969
8 7.295608520507812e-05
- 0.0002551078796386719
2 0.0003864765167236328
8 0.00015747547149658203
2 4.971027374267578e-05
- 3.9696693420410156e-05
0 8.83340835571289e-05
4 0.00020051002502441406
7 0.0001990795135498047
6 0.00035881996154785156
▁ 0.032562255859375
8 0.0045166015625
8 0.0008978843688964844
8 6.639957427978516e-05
- 0.00023877620697021484
2 0.0003917217254638672
8 0.00014495849609375
2 4.2438507080078125e-05
- 3.5881996154785156e-05
0 8.165836334228516e-05
4 9.34600830078125e-05
7 0.00014829635620117188
6 0.0003116130828857422
▁ 0.031402587890625
8 0.004268646240234375
8 0.0007724761962890625
8 6.175041198730469e-05
- 0.00021946430206298828
2 0.000396728515625
8 0.0001271963119506836
2 4.553794860839844e-05
- 3.2901763916015625e-05
0 8.404254913330078e-05
4 9.5367431640625e-05
7 0.00014007091522216797
6 0.0002911090850830078
▁ 0.0316162109375
8 0.0041656494140625
8 0.0007505416870117188
8 5.924701690673828e-05
- 0.00019443035125732422
2 0.0003833770751953125
8 0.00012826919555664062
2 5.0187110900878906e-05
- 3.147125244140625e-05
0 8.344650268554688e-05
4 0.00030875205993652344
7 0.00021207332611083984
6 0.00032782554626464844
▁ 0.033599853515625
8 0.0039520263671875
8 0.0007119178771972656
8 5.602836608886719e-05
- 0.00017368793487548828
2 0.00036454200744628906
8 0.00013136863708496094
2 4.8279762268066406e-05
- 2.9325485229492188e-05
0 8.547306060791016e-05
4 0.0001627206802368164
7 0.00018703937530517578
6 0.00030493736267089844
▁ 0.0322265625
8 0.00383758544921875
8 0.0006518363952636719
8 5.328655242919922e-05
- 0.00016617774963378906
2 0.0003566741943359375
8 0.00012242794036865234
2 4.470348358154297e-05
- 3.2782554626464844e-05
0 7.855892181396484e-05
4 0.00017273426055908203
7 0.00017583370208740234
6 0.0002868175506591797
▁ 0.031463623046875
8 0.00385284423828125
8 0.0006237030029296875
8 5.233287811279297e-05
- 0.00017964839935302734
2 0.0003561973571777344
8 0.00011420249938964844
2 4.184246063232422e-05
- 3.826618194580078e-05
0 8.26120376586914e-05
4 0.00013780593872070312
7 0.00015115737915039062
6 0.0002884864807128906
▁ 0.0313720703125
8 0.00391387939453125
8 0.0006055831909179688
8 5.161762237548828e-05
- 0.0001837015151977539
2 0.0003345012664794922
8 0.00012743473052978516
2 4.5418739318847656e-05
- 3.7670135498046875e-05
0 8.082389831542969e-05
4 0.00020754337310791016
7 0.00018262863159179688
6 0.00026798248291015625
▁ 0.0277099609375
8 0.003398895263671875
8 0.0005064010620117188
8 4.76837158203125e-05
- 0.0001615285873413086
2 0.0003020763397216797
8 0.00010991096496582031
2 4.1604042053222656e-05
- 3.552436828613281e-05
0 7.069110870361328e-05
4 0.00017762184143066406
7 0.00015997886657714844
6 0.000255584716796875
▁ 0.0263214111328125
8 0.00337982177734375
8 0.0004558563232421875
8 4.470348358154297e-05
- 0.0001480579376220703
2 0.0003046989440917969
8 8.857250213623047e-05
2 3.5643577575683594e-05
- 3.147125244140625e-05
0 6.639957427978516e-05
4 0.00011551380157470703
7 0.0001310110092163086
6 0.00026035308837890625
▁ 0.0256500244140625
8 0.00327301025390625
8 0.00044465065002441406
8 4.6372413635253906e-05
- 0.000164031982421875
2 0.000316619873046875
8 8.618831634521484e-05
2 3.7550926208496094e-05
- 3.314018249511719e-05
0 7.2479248046875e-05
4 9.834766387939453e-05
7 0.00011205673217773438
6 0.0002589225769042969
▁ 0.0238494873046875
8 0.0032825469970703125
8 0.0004296302795410156
8 4.661083221435547e-05
- 0.0001647472381591797
2 0.0003046989440917969
8 7.832050323486328e-05
2 3.635883331298828e-05
- 3.409385681152344e-05
0 7.37905502319336e-05
4 0.0001264810562133789
7 0.00012969970703125
6 0.0002684593200683594
▁ 0.0225830078125
8 0.0030670166015625
8 0.0003876686096191406
8 4.470348358154297e-05
- 0.00016546249389648438
2 0.0003199577331542969
8 8.845329284667969e-05
2 3.7550926208496094e-05
- 3.409385681152344e-05
0 7.37905502319336e-05
4 0.0001087188720703125
7 0.00011134147644042969
6 0.0002562999725341797
▁ 0.0230865478515625
8 0.003185272216796875
8 0.0003800392150878906
8 4.2557716369628906e-05
- 0.00014328956604003906
2 0.0003032684326171875
8 8.726119995117188e-05
2 3.802776336669922e-05
- 3.0159950256347656e-05
0 6.532669067382812e-05
4 8.07046890258789e-05
7 9.322166442871094e-05
6 0.0002532005310058594
▁ 0.02313232421875
8 0.0032672882080078125
8 0.00038123130798339844
8 4.1484832763671875e-05
- 0.00012540817260742188
2 0.00029087066650390625
8 8.475780487060547e-05
2 3.62396240234375e-05
- 2.777576446533203e-05
0 6.139278411865234e-05
4 0.00011777877807617188
7 0.0001093149185180664
6 0.0002551078796386719
▁ 0.0238800048828125
8 0.00325775146484375
8 0.0003631114959716797
8 3.790855407714844e-05
- 0.00012052059173583984
2 0.0002830028533935547
8 8.940696716308594e-05
2 3.1113624572753906e-05
- 2.6106834411621094e-05
0 5.8770179748535156e-05
4 0.00010418891906738281
7 9.97781753540039e-05
6 0.00023686885833740234
▁ 0.0219573974609375
8 0.0030364990234375
8 0.00035262107849121094
8 3.5881996154785156e-05
- 0.00011610984802246094
2 0.0002484321594238281
8 8.511543273925781e-05
2 2.968311309814453e-05
- 2.3365020751953125e-05
0 5.4717063903808594e-05
4 0.00010752677917480469
7 0.00010418891906738281
6 0.00022912025451660156
▁ 0.0206146240234375
8 0.0028820037841796875
8 0.0003190040588378906
8 3.349781036376953e-05
- 9.930133819580078e-05
2 0.00024437904357910156
8 7.522106170654297e-05
2 2.765655517578125e-05
- 2.1338462829589844e-05
0 4.875659942626953e-05
4 0.00011038780212402344
7 0.00010597705841064453
6 0.00022161006927490234
▁ 0.018707275390625
8 0.0028591156005859375
8 0.0003066062927246094
8 3.2901763916015625e-05
- 9.620189666748047e-05
2 0.00023484230041503906
8 5.8531761169433594e-05
2 2.2411346435546875e-05
- 1.919269561767578e-05
0 4.7326087951660156e-05
4 7.987022399902344e-05
7 8.976459503173828e-05
6 0.00021636486053466797
▁ 0.018310546875
8 0.0030002593994140625
8 0.0003235340118408203
8 3.314018249511719e-05
- 9.989738464355469e-05
2 0.0002446174621582031
8 7.355213165283203e-05
2 2.467632293701172e-05
- 1.990795135498047e-05
0 4.935264587402344e-05
4 9.381771087646484e-05
7 9.1552734375e-05
6 0.000209808349609375
▁ 0.0186767578125
8 0.0031108856201171875
8 0.00030875205993652344
8 3.123283386230469e-05
- 9.953975677490234e-05
2 0.00022745132446289062
8 6.35385513305664e-05
2 2.3484230041503906e-05
- 1.8715858459472656e-05
0 4.601478576660156e-05
4 0.00010824203491210938
7 9.000301361083984e-05
6 0.00019943714141845703
▁ 0.0177001953125
8 0.003032684326171875
8 0.0002846717834472656
8 2.956390380859375e-05
- 9.036064147949219e-05
2 0.00022661685943603516
8 7.283687591552734e-05
2 2.491474151611328e-05
- 1.8358230590820312e-05
0 4.494190216064453e-05
4 0.00010013580322265625
7 8.571147918701172e-05
6 0.00018453598022460938
▁ 0.0177154541015625
8 0.00278472900390625
8 0.0002658367156982422
8 2.8848648071289062e-05
- 8.916854858398438e-05
2 0.00020360946655273438
8 9.047985076904297e-05
2 2.7894973754882812e-05
- 1.919269561767578e-05
0 4.267692565917969e-05
4 0.0001277923583984375
7 9.322166442871094e-05
6 0.00019097328186035156
▁ 0.0178680419921875
8 0.0026340484619140625
8 0.0002472400665283203
8 2.658367156982422e-05
- 8.368492126464844e-05
2 0.00020432472229003906
8 6.902217864990234e-05
2 2.1457672119140625e-05
- 1.71661376953125e-05
0 3.802776336669922e-05
4 0.00011968612670898438
7 8.678436279296875e-05
6 0.00016868114471435547
▁ 0.016845703125
8 0.0026149749755859375
8 0.00023794174194335938
8 2.6464462280273438e-05
- 8.58306884765625e-05
2 0.0002086162567138672
8 6.16312026977539e-05
2 2.014636993408203e-05
- 1.6808509826660156e-05
0 3.921985626220703e-05
4 0.00011491775512695312
7 7.998943328857422e-05
6 0.00016379356384277344
▁ 0.016632080078125
8 0.002655029296875
8 0.0002789497375488281
8 2.765655517578125e-05
- 8.916854858398438e-05
2 0.0002117156982421875
8 5.1140785217285156e-05
2 1.71661376953125e-05
- 1.6689300537109375e-05
0 4.017353057861328e-05
4 7.867813110351562e-05
7 6.73532485961914e-05
6 0.00016045570373535156
▁ 0.0165557861328125
8 0.0026340484619140625
8 0.0002636909484863281
8 2.765655517578125e-05
- 9.381771087646484e-05
2 0.00022327899932861328
8 6.449222564697266e-05
2 2.1696090698242188e-05
- 1.8715858459472656e-05
0 4.267692565917969e-05
4 0.00015163421630859375
7 8.487701416015625e-05
6 0.0001647472381591797
▁ 0.016265869140625
8 0.0027141571044921875
8 0.0002608299255371094
8 2.8014183044433594e-05
- 9.894371032714844e-05
2 0.00022077560424804688
8 9.09566879272461e-05
2 2.5987625122070312e-05
- 2.110004425048828e-05
0 4.303455352783203e-05
4 0.0001901388168334961
7 9.226799011230469e-05
6 0.00017023086547851562
▁ 0.0157470703125
8 0.002681732177734375
8 0.00026345252990722656
8 2.9087066650390625e-05
- 0.00011301040649414062
2 0.0002206563949584961
8 9.846687316894531e-05
2 2.8848648071289062e-05
- 2.2649765014648438e-05
0 4.76837158203125e-05
4 0.00015985965728759766
7 8.64267349243164e-05
6 0.00017631053924560547
▁ 0.0152740478515625
8 0.00270843505859375
8 0.0002560615539550781
8 3.0159950256347656e-05
- 0.00010955333709716797
2 0.0002187490463256836
8 6.73532485961914e-05
2 2.491474151611328e-05
- 2.1457672119140625e-05
0 4.458427429199219e-05
4 0.0001405477523803711
7 8.726119995117188e-05
6 0.00018262863159179688
▁ 0.01541900634765625
8 0.002658843994140625
8 0.00024700164794921875
8 2.956390380859375e-05
- 0.00010156631469726562
2 0.00021278858184814453
8 5.5789947509765625e-05
2 2.110004425048828e-05
- 1.9669532775878906e-05
0 4.398822784423828e-05
4 7.712841033935547e-05
7 6.461143493652344e-05
6 0.000156402587890625
▁ 0.01514434814453125
8 0.002777099609375
8 0.00023102760314941406
8 2.7894973754882812e-05
- 0.00010120868682861328
2 0.00021696090698242188
8 5.5789947509765625e-05
2 1.704692840576172e-05
- 1.6808509826660156e-05
0 4.1484832763671875e-05
4 8.511543273925781e-05
7 6.29425048828125e-05
6 0.0001513957977294922
▁ 0.01482391357421875
8 0.0027923583984375
8 0.00023043155670166016
8 2.7418136596679688e-05
- 9.799003601074219e-05
2 0.0001951456069946289
8 5.7220458984375e-05
2 1.895427703857422e-05
- 1.6808509826660156e-05
0 4.029273986816406e-05
4 9.97781753540039e-05
7 6.783008575439453e-05
6 0.00015246868133544922
▁ 0.01448822021484375
8 0.0027256011962890625
8 0.00023031234741210938
8 2.849102020263672e-05
- 9.310245513916016e-05
2 0.0002015829086303711
8 5.888938903808594e-05
2 1.7762184143066406e-05
- 1.6808509826660156e-05
0 3.933906555175781e-05
4 5.900859832763672e-05
7 5.4955482482910156e-05
6 0.0001462697982788086
▁The 9.3984375
▁CD 8.4140625
- 3.451171875
Re 7.734375
Write 4.55859375
able 1.556640625
▁technology 3.080078125
▁was 3.654296875
▁un 3.701171875
ve 0.0222320556640625
iled 0.0028514862060546875
▁through 7.171875
▁a 0.52587890625
▁joint 1.6923828125
▁press 1.4306640625
▁conference 0.391845703125
▁by 1.80859375
▁H 3.390625
ew 0.38525390625
lett 0.013397216796875
- 0.3291015625
Pack 0.0229339599609375
ard 0.0048980712890625
, 0.56494140625
▁Sony 2.001953125
, 0.402099609375
▁and 2.390625
▁Phill 3.201171875
ips 0.0083465576171875
. 0.52490234375
▁The 0.822265625
▁new 1.8759765625
▁technology 0.414306640625
▁will 1.376953125
▁change 6.12890625
▁the 0.1513671875
▁market 5.41796875
▁as 3.5546875
▁it 1.2158203125
▁allows 2.890625
▁people 3.099609375
▁to 0.05596923828125
▁rewrite 2.607421875
▁over 4.33203125
▁CD 4.6953125
s 0.82666015625
, 2.50390625
▁which 2.052734375
▁will 2.435546875
▁bring 4.60546875
▁the 2.2578125
▁storage 4.59765625
▁capacity 0.75732421875
▁of 0.93994140625
▁CD 0.765625
s 0.280517578125
▁to 0.53955078125
▁a 2.189453125
▁whole 2.337890625
▁new 0.02484130859375
▁level 0.07928466796875
. 0.1011962890625
▁The 1.572265625
▁CD 2.09375
- 0.281005859375
Re 0.84912109375
Write 0.238037109375
able 0.019439697265625
▁technology 0.7958984375
▁has 2.9609375
▁numerous 7.09375
▁applications 2.3046875
, 1.7529296875
▁especially 3.0625
▁in 0.448974609375
▁the 0.454833984375
▁real 4.87890625
m 0.0958251953125
▁of 0.00751495361328125
▁arch 5.19921875
iving 0.223876953125
▁and 1.6650390625
▁data 1.8583984375
▁storage 0.7900390625
. 0.1387939453125
▁It 2.625
▁provides 5.16015625
▁an 2.61328125
▁afford 2.904296875
able 0.00141143798828125
▁and 1.583984375
▁efficient 2.4765625
▁method 2.57421875
▁for 1.373046875
▁people 2.916015625
▁to 0.1072998046875
▁store 0.6787109375
▁and 1.787109375
▁save 3.544921875
▁their 1.3115234375
▁files 2.39453125
, 2.0234375
▁which 2.0546875
▁was 4.0390625
▁once 3.568359375
▁a 2.484375
▁da 3.203125
un 0.0012102127075195312
ting 1.3113021850585938e-05
▁task 0.1661376953125
, 3.91796875
▁especially 1.4150390625
▁when 1.8896484375
▁it 1.46484375
▁comes 0.43408203125
▁to 0.01016998291015625
▁large 2.2265625
▁files 0.7958984375
▁and 2.56640625
▁data 1.7705078125
. 0.42431640625
▁The 1.306640625
▁technology 1.6884765625
▁can 3.392578125
▁store 3.376953125
▁up 1.34765625
▁to 0.0082244873046875
▁ 0.124755859375
6 2.07421875
5 0.40234375
0 0.01151275634765625
▁meg 1.77734375
aby 0.01242828369140625
tes 0.011505126953125
▁of 0.52099609375
▁data 0.296875
, 0.87890625
▁about 6.60546875
▁ 0.6513671875
7 2.8828125
4 3.736328125
▁minutes 1.1640625
▁of 0.1044921875
▁audio 1.3359375
, 0.7236328125
▁in 6.921875
▁a 0.740234375
▁single 0.876953125
▁disc 2.521484375
, 1.9921875
▁which 0.845703125
▁is 0.497802734375
▁double 3.5
▁what 3.716796875
▁currently 5.9453125
▁available 0.63916015625
▁technology 3.7890625
▁can 0.53271484375
▁handle 4.203125
. 0.06317138671875
▁Moreover 4.49609375
, 0.0036754608154296875
▁since 4.81640625
▁it 1.7705078125
▁is 0.63232421875
▁re 1.248046875
writ 0.179443359375
able 0.0003895759582519531
, 0.06549072265625
▁it 1.3349609375
▁can 1.21484375
▁be 0.369140625
▁used 0.7685546875
▁repeatedly 2.58984375
▁to 3.158203125
▁store 0.61669921875
▁new 2.564453125
▁files 1.5986328125
▁and 1.7216796875
▁data 1.0458984375
▁multiple 6.765625
▁times 0.012359619140625
, 1.5986328125
▁making 2.451171875
▁it 0.1895751953125
▁a 1.197265625
▁highly 2.990234375
▁econom 3.693359375
ical 0.00585174560546875
▁solution 2.044921875
. 1.0615234375
▁The 1.0859375
▁new 1.9326171875
▁CD 1.9990234375
- 0.1864013671875
Re 0.2139892578125
Write 0.04046630859375
able 0.01094818115234375
▁technology 0.125244140625
▁is 1.0185546875
▁a 2.330078125
▁result 4.01171875
▁of 0.005535125732421875
▁years 2.41015625
- 6.06640625
long 0.045501708984375
▁research 0.72119140625
▁and 0.342041015625
▁development 0.2978515625
▁by 1.37890625
▁the 0.65478515625
▁three 0.57275390625
▁high 2.376953125
▁te 0.2347412109375
ch 0.000789642333984375
▁gi 0.51708984375
ants 1.8477439880371094e-05
. 0.583984375
▁It 1.416015625
▁is 0.8486328125
▁based 3.91796875
▁on 0.0179290771484375
▁a 1.298828125
▁technique 4.5390625
▁called 0.75341796875
▁phase 1.587890625
- 0.66748046875
change 0.0260162353515625
▁technology 2.041015625
, 0.240234375
▁which 0.198486328125
▁allows 1.9736328125
▁the 0.8955078125
▁las 5.0546875
er 0.052032470703125
▁beam 1.59375
▁to 0.24609375
▁rewrite 4.0703125
▁the 0.9541015625
▁data 1.458984375
▁on 1.2255859375
▁the 0.275146484375
▁disc 0.81005859375
▁at 4.66796875
▁varying 5.50390625
▁spe 2.48046875
eds 5.364418029785156e-05
▁without 4.46875
▁comprom 3.939453125
ising 0.0019626617431640625
▁the 0.509765625
▁integrity 1.5859375
▁of 0.14697265625
▁the 0.029571533203125
▁data 0.458984375
▁already 8.3203125
▁stored 0.45947265625
. 1.0302734375
▁The 0.8330078125
▁technology 1.0166015625
▁is 0.736328125
▁expected 1.3369140625
▁to 0.000873565673828125
▁have 3.416015625
▁a 0.2423095703125
▁significant 1.05859375
▁impact 0.02679443359375
▁on 0.12841796875
▁the 0.07684326171875
▁market 1.08203125
, 0.58203125
▁especially 0.96875
▁for 1.873046875
▁small 3.828125
▁business 0.60498046875
es 0.0850830078125
▁and 0.2841796875
▁individuals 0.67626953125
▁who 0.268310546875
▁need 0.491943359375
▁cost 6.046875
- 0.037567138671875
effect 0.11279296875
ive 0.00029158592224121094
▁solutions 1.708984375
▁to 2.123046875
▁store 0.17041015625
▁their 1.1494140625
▁data 0.69189453125
. 0.455322265625
▁It 1.49609375
▁is 0.4267578125
▁also 0.478515625
▁spec 9.7265625
ulated 0.0012302398681640625
▁that 0.2437744140625
▁it 3.099609375
▁could 1.392578125
▁lead 2.611328125
▁to 0.0018930435180664062
▁the 0.5693359375
▁creation 3.0
▁of 0.0015993118286132812
▁new 0.51416015625
▁mark 3.40625
ets 0.00015473365783691406
▁for 1.552734375
▁CD 1.4013671875
- 0.63525390625
ROM 2.591796875
s 0.8681640625
▁as 3.25
▁the 1.830078125
▁re 2.58984375
- 3.1328125
writ 0.5615234375
able 0.045501708984375
▁feature 3.78515625
▁allows 1.53515625
▁for 0.951171875
▁the 1.224609375
▁storage 2.630859375
▁of 0.1431884765625
▁dynamic 4.6953125
▁data 0.5439453125
▁that 2.541015625
▁is 2.263671875
▁updated 1.8486328125
▁regularly 0.857421875
. 0.2261962890625
▁Cons 8.78125
um 0.216552734375
ers 0.0001575946807861328
▁can 1.2138671875
▁expect 1.19921875
▁a 4.20703125
▁drop 4.59765625
▁in 0.01409149169921875
▁the 1.328125
▁price 0.61474609375
▁of 0.07861328125
▁standard 5.79296875
▁CD 0.0841064453125
- 0.432861328125
ROM 0.07623291015625
s 0.10479736328125
▁since 4.19921875
▁the 0.66064453125
▁market 4.26953125
▁will 0.703125
▁be 0.91064453125
▁opened 5.1171875
▁up 0.76025390625
▁to 0.306640625
▁more 2.3671875
▁econom 5.76171875
ical 0.06866455078125
▁alternatives 1.8203125
▁with 4.24609375
▁the 0.469482421875
▁release 3.279296875
▁of 0.00267791748046875
▁the 0.400634765625
▁CD 1.064453125
- 0.004261016845703125
Re 0.055694580078125
Write 0.0152435302734375
able 0.0027599334716796875
▁technology 0.05810546875
. 0.02362060546875
▁" 6.27734375
This 1.833984375
▁is 0.74755859375
▁an 1.61328125
▁exc 0.61474609375
iting 7.43865966796875e-05
▁time 1.970703125
▁for 0.1068115234375
▁the 0.36279296875
▁industry 1.5458984375
▁and 2.087890625
▁for 1.248046875
▁all 5.07421875
▁those 1.9150390625
▁who 0.310546875
▁need 3.658203125
▁to 1.0107421875
▁store 0.35302734375
▁and 0.84423828125
▁access 1.58984375
▁their 1.1513671875
▁data 0.48681640625
▁regularly 5.9453125
," 0.264892578125
▁said 0.08636474609375
▁Ko 6.69140625
ichi 0.9189453125
▁Su 4.44921875
zu 0.1822509765625
ki 0.00693511962890625
▁of 3.033203125
▁Sony 0.261474609375
. 0.90283203125
▁" 0.0634765625
This 2.1640625
▁release 6.95703125
▁will 1.5107421875
▁allow 2.205078125
▁for 2.20703125
▁the 1.5166015625
▁efficient 4.48828125
▁management 3.439453125
▁of 0.224609375
▁files 4.234375
▁and 0.411376953125
▁the 2.994140625
▁creation 2.369140625
▁of 0.00411224365234375
▁new 0.322509765625
▁opportun 3.09765625
ities 1.7762184143066406e-05
▁within 5.6015625
▁the 0.095703125
▁market 0.58154296875
." 0.3779296875
▁The 0.80224609375
▁CD 0.84912109375
- 0.0030231475830078125
Re 0.025787353515625
Write 0.00881195068359375
able 0.00078582763671875
▁technology 0.0226287841796875
▁is 0.46875
▁a 1.9990234375
▁welcome 4.34765625
▁sight 8.203125
▁for 0.1468505859375
▁many 1.5078125
▁people 2.021484375
▁as 2.53125
▁they 4.23828125
▁no 2.955078125
▁longer 0.0007410049438476562
▁need 1.38671875
▁to 0.01329803466796875
▁worry 0.798828125
▁about 0.0017538070678710938
▁their 2.529296875
▁data 0.6337890625
▁being 0.5634765625
▁lost 0.62060546875
▁or 0.39892578125
▁comprom 2.568359375
ised 0.0010671615600585938
. 0.4921875
▁The 1.5693359375
▁technology 0.78564453125
▁is 1.1357421875
▁expected 1.7626953125
▁to 0.0003886222839355469
▁be 1.41796875
▁a 2.62109375
▁hit 3.861328125
▁among 1.291015625
▁students 4.4921875
, 0.54736328125
▁research 2.99609375
ers 0.0037326812744140625
, 0.030487060546875
▁and 0.1124267578125
▁profession 1.80859375
als 6.604194641113281e-05
, 2.51953125
▁who 0.60498046875
▁generate 7.98046875
▁a 1.681640625
▁large 1.1484375
▁amount 0.263916015625
▁of 0.00148773193359375
▁data 0.056793212890625
▁and 1.708984375
▁need 0.54248046875
▁easily 9.1484375
▁accessible 0.2152099609375
▁and 0.88037109375
▁reliable 1.65625
▁storage 0.4267578125
▁solutions 0.1910400390625
. 0.033905029296875
▁In 3.359375
▁conclusion 0.80810546875
, 0.0012569427490234375
▁the 0.0251922607421875
▁release 1.27734375
▁of 0.0010089874267578125
▁the 0.11407470703125
▁CD 0.06549072265625
- 0.0010280609130859375
Re 0.004878997802734375
Write 0.0035877227783203125
able 0.00040340423583984375
▁technology 0.006053924560546875
▁is 0.275634765625
▁a 0.058349609375
▁break 4.42578125
through 0.000751495361328125
▁in 0.94189453125
▁the 0.06591796875
▁field 1.09375
▁of 0.0038299560546875
▁storage 2.888671875
▁technology 2.341796875
, 1.900390625
▁and 1.40234375
▁it 0.18701171875
▁is 0.55224609375
▁expected 0.5439453125
▁to 0.0033931732177734375
▁have 1.1240234375
▁a 0.07647705078125
▁significant 0.2392578125
▁impact 0.0049896240234375
▁on 0.0124359130859375
▁the 0.03125
▁market 0.0814208984375
. 0.36083984375
▁The 1.15234375
▁technology 0.46728515625
' 5.02734375
s 0.00011169910430908203
▁high 4.8203125
▁capacity 1.2822265625
▁and 1.1357421875
▁afford 3.01171875
ability 0.27001953125
▁make 0.5419921875
▁it 0.0009503364562988281
▁an 0.65478515625
▁ideal 1.5634765625
▁choice 2.22265625
▁for 0.002040863037109375
▁people 1.8701171875
▁who 0.10711669921875
▁need 0.0640869140625
▁to 0.294921875
▁constantly 7.47265625
▁manage 3.78515625
▁and 0.302734375
▁store 0.79296875
▁data 2.412109375
. 0.25927734375
▁Small 10.609375
▁business 0.0182342529296875
es 0.0256805419921875
▁who 9.078125
▁need 1.15234375
▁to 1.005859375
▁efficiently 4.3125
▁store 1.42578125
▁their 1.189453125
▁vital 6.87109375
▁information 0.826171875
▁could 5.125
▁benefit 0.80322265625
▁from 0.94287109375
▁the 0.5
▁technology 0.6064453125
. 2.328125
