▁When 10.375
▁she 13.921875
▁lost 9.828125
▁her 2.53125
▁job 3.166015625
, 3.2109375
▁she 1.912109375
▁was 2.373046875
▁dev 5.5078125
ast 0.09637451171875
ated 0.1370849609375
, 1.265625
▁but 3.267578125
▁she 1.1806640625
▁was 1.458984375
▁still 3.322265625
▁able 3.24609375
▁to 0.12066650390625
▁find 3.3125
▁the 2.873046875
▁silver 8.1328125
▁l 1.6962890625
ining 0.1629638671875
. 2.00390625
<0x0A> 1.482421875
I 3.552734375
▁decided 6.37890625
▁to 0.369384765625
▁surprise 8.1328125
▁her 1.33984375
▁and 2.29296875
▁find 5.48828125
▁ 8.3671875
8 4.390625
8 4.46875
8 1.0341796875
- 4.421875
3 3.017578125
5 2.484375
3 1.6943359375
- 0.10052490234375
1 2.8203125
2 2.228515625
9 3.0
9 2.421875
▁ 4.37890625
8 0.6494140625
8 0.1494140625
8 0.006229400634765625
- 0.0701904296875
3 0.047332763671875
5 0.007122039794921875
3 0.003726959228515625
- 0.0055084228515625
1 0.01371002197265625
2 0.00782012939453125
9 0.00868988037109375
9 0.00568389892578125
▁ 1.556640625
8 0.064697265625
8 0.00970458984375
8 0.0012521743774414062
- 0.0214080810546875
3 0.009490966796875
5 0.0014810562133789062
3 0.0007901191711425781
- 0.0030689239501953125
1 0.0044097900390625
2 0.0024356842041015625
9 0.00286865234375
9 0.0030117034912109375
▁ 0.460693359375
8 0.0083160400390625
8 0.0016202926635742188
8 0.0003943443298339844
- 0.00711822509765625
3 0.002094268798828125
5 0.0006241798400878906
3 0.0003275871276855469
- 0.0012874603271484375
1 0.0014944076538085938
2 0.0007753372192382812
9 0.0010881423950195312
9 0.0016431808471679688
▁ 0.2919921875
8 0.006622314453125
8 0.001308441162109375
8 0.00036406517028808594
- 0.005218505859375
3 0.0014772415161132812
5 0.0005269050598144531
3 0.00024306774139404297
- 0.0009360313415527344
1 0.001155853271484375
2 0.0005474090576171875
9 0.0007567405700683594
9 0.0014743804931640625
▁ 0.2020263671875
8 0.0037746429443359375
8 0.0007967948913574219
8 0.00025343894958496094
- 0.003673553466796875
3 0.001064300537109375
5 0.00042939186096191406
3 0.00017547607421875
- 0.0006585121154785156
1 0.0007219314575195312
2 0.00039005279541015625
9 0.000545501708984375
9 0.00106048583984375
▁ 0.190673828125
8 0.0028057098388671875
8 0.0006203651428222656
8 0.0001958608627319336
- 0.0026493072509765625
3 0.0008702278137207031
5 0.000347137451171875
3 0.00013196468353271484
- 0.0004458427429199219
1 0.0005707740783691406
2 0.00031948089599609375
9 0.0004374980926513672
9 0.0007548332214355469
▁ 0.1751708984375
8 0.002307891845703125
8 0.0005288124084472656
8 0.0001685619354248047
- 0.0021514892578125
3 0.0007004737854003906
5 0.00028228759765625
3 0.00010728836059570312
- 0.00033736228942871094
1 0.00042057037353515625
2 0.0002601146697998047
9 0.000316619873046875
9 0.0006380081176757812
▁ 0.1563720703125
8 0.0021572113037109375
8 0.0005970001220703125
8 0.00016880035400390625
- 0.0018320083618164062
3 0.0006232261657714844
5 0.00028395652770996094
3 0.00010383129119873047
- 0.00026488304138183594
1 0.00041604042053222656
2 0.0002551078796386719
9 0.0002734661102294922
9 0.0005326271057128906
▁ 0.1275634765625
8 0.0019197463989257812
8 0.00054931640625
8 0.0001596212387084961
- 0.0016803741455078125
3 0.0005555152893066406
5 0.00027441978454589844
3 9.989738464355469e-05
- 0.0002505779266357422
1 0.0004024505615234375
2 0.0002620220184326172
9 0.0002589225769042969
9 0.0005125999450683594
▁ 0.104736328125
8 0.001850128173828125
8 0.0005421638488769531
8 0.00017273426055908203
- 0.0017747879028320312
3 0.0005440711975097656
5 0.0002760887145996094
3 0.00010311603546142578
- 0.00025463104248046875
1 0.000396728515625
2 0.00026917457580566406
9 0.00023829936981201172
9 0.00046515464782714844
▁ 0.092529296875
8 0.0016727447509765625
8 0.00048065185546875
8 0.0001652240753173828
- 0.00160980224609375
3 0.0004878044128417969
5 0.0002586841583251953
3 8.83340835571289e-05
- 0.0002372264862060547
1 0.000347137451171875
2 0.00023615360260009766
9 0.00021195411682128906
9 0.00038695335388183594
▁ 0.0784912109375
8 0.0015344619750976562
8 0.00045609474182128906
8 0.00015997886657714844
- 0.0016374588012695312
3 0.0004191398620605469
5 0.00024187564849853516
3 8.07046890258789e-05
- 0.0002321004867553711
1 0.00030350685119628906
2 0.00022399425506591797
9 0.00020837783813476562
9 0.00036144256591796875
▁ 0.07440185546875
8 0.0014324188232421875
8 0.0004374980926513672
8 0.00015532970428466797
- 0.0015630722045898438
3 0.0004184246063232422
5 0.00021755695343017578
3 7.450580596923828e-05
- 0.00019633769989013672
1 0.0002715587615966797
2 0.00021600723266601562
9 0.00020015239715576172
9 0.0003516674041748047
▁ 0.07183837890625
8 0.0014171600341796875
8 0.0004134178161621094
8 0.0001475811004638672
- 0.0013818740844726562
3 0.0004553794860839844
5 0.00023245811462402344
3 7.009506225585938e-05
- 0.00016307830810546875
1 0.00026607513427734375
2 0.0001989603042602539
9 0.00019872188568115234
9 0.00031757354736328125
▁ 0.06640625
8 0.0015249252319335938
8 0.0003752708435058594
8 0.00012636184692382812
- 0.001087188720703125
3 0.0003745555877685547
5 0.0002117156982421875
3 6.496906280517578e-05
- 0.00014460086822509766
1 0.0002319812774658203
2 0.0001722574234008789
9 0.0001785755157470703
9 0.000293731689453125
▁ 0.057830810546875
8 0.0014009475708007812
8 0.0003554821014404297
8 0.00012171268463134766
- 0.0009889602661132812
3 0.000347137451171875
5 0.00020229816436767578
3 6.449222564697266e-05
- 0.00012755393981933594
1 0.0002332925796508789
2 0.0001671314239501953
9 0.0001614093780517578
9 0.0002694129943847656
▁ 0.04833984375
8 0.0011653900146484375
8 0.00029206275939941406
8 0.00010776519775390625
- 0.0008382797241210938
3 0.00035309791564941406
5 0.00021445751190185547
3 6.270408630371094e-05
- 0.00011420249938964844
1 0.00022459030151367188
2 0.0001583099365234375
9 0.0001430511474609375
9 0.0002346038818359375
▁ 0.043365478515625
8 0.0011425018310546875
8 0.0002739429473876953
8 0.00011050701141357422
- 0.0008435249328613281
3 0.0003390312194824219
5 0.0001995563507080078
3 6.008148193359375e-05
- 0.0001081228256225586
1 0.00022292137145996094
2 0.00015211105346679688
9 0.0001347064971923828
9 0.0002238750457763672
▁ 0.04302978515625
8 0.0009927749633789062
8 0.0002448558807373047
8 9.953975677490234e-05
- 0.0007433891296386719
3 0.0003204345703125
5 0.0001932382583618164
3 5.829334259033203e-05
- 0.00010323524475097656
1 0.00020754337310791016
2 0.00014317035675048828
9 0.00013768672943115234
9 0.00021445751190185547
▁ 0.04327392578125
8 0.0010728836059570312
8 0.0002371072769165039
8 9.429454803466797e-05
- 0.0007128715515136719
3 0.0003154277801513672
5 0.00020134449005126953
3 5.698204040527344e-05
- 9.894371032714844e-05
1 0.0002092123031616211
2 0.00014603137969970703
9 0.0001455545425415039
9 0.0002243518829345703
▁ 0.04315185546875
8 0.0010614395141601562
8 0.00022232532501220703
8 8.976459503173828e-05
- 0.0006995201110839844
3 0.0003066062927246094
5 0.0001958608627319336
3 5.7816505432128906e-05
- 9.584426879882812e-05
1 0.00020110607147216797
2 0.00014472007751464844
9 0.0001327991485595703
9 0.00021266937255859375
▁ 0.041473388671875
8 0.0010099411010742188
8 0.00020837783813476562
8 8.666515350341797e-05
- 0.000659942626953125
3 0.00029206275939941406
5 0.00019359588623046875
3 5.6624412536621094e-05
- 9.310245513916016e-05
1 0.00020444393157958984
2 0.00014495849609375
9 0.00012183189392089844
9 0.00020134449005126953
▁ 0.039215087890625
8 0.0008826255798339844
8 0.00019180774688720703
8 8.082389831542969e-05
- 0.000621795654296875
3 0.00029730796813964844
5 0.00020313262939453125
3 5.614757537841797e-05
- 8.594989776611328e-05
1 0.00020444393157958984
2 0.00014257431030273438
9 0.00011992454528808594
9 0.00019884109497070312
▁ 0.037750244140625
8 0.0008716583251953125
8 0.0001894235610961914
8 8.320808410644531e-05
- 0.0005850791931152344
3 0.00028967857360839844
5 0.00019156932830810547
3 5.412101745605469e-05
- 8.118152618408203e-05
1 0.00020635128021240234
2 0.00014543533325195312
9 0.00011932849884033203
9 0.00019931793212890625
▁ 0.035003662109375
8 0.0008087158203125
8 0.00017118453979492188
8 7.402896881103516e-05
- 0.0005173683166503906
3 0.00031685829162597656
5 0.0001958608627319336
3 4.8279762268066406e-05
- 7.11679458618164e-05
1 0.00018584728240966797
2 0.00012755393981933594
9 0.00010764598846435547
9 0.0001823902130126953
▁ 0.03179931640625
8 0.0008716583251953125
8 0.0001697540283203125
8 6.878376007080078e-05
- 0.0004494190216064453
3 0.00026607513427734375
5 0.00018537044525146484
3 4.5180320739746094e-05
- 6.699562072753906e-05
1 0.0001678466796875
2 0.00012314319610595703
9 0.00010347366333007812
9 0.00018012523651123047
▁ 0.0301513671875
8 0.000789642333984375
8 0.00014781951904296875
8 5.924701690673828e-05
- 0.0004076957702636719
3 0.0002465248107910156
5 0.0001659393310546875
3 4.363059997558594e-05
- 5.996227264404297e-05
1 0.00016033649444580078
2 0.0001169443130493164
9 9.5367431640625e-05
9 0.00017344951629638672
▁ 0.0291290283203125
8 0.0007576942443847656
8 0.00013971328735351562
8 5.555152893066406e-05
- 0.0003676414489746094
3 0.0002346038818359375
5 0.0001703500747680664
3 4.303455352783203e-05
- 5.7220458984375e-05
1 0.00016260147094726562
2 0.00011897087097167969
9 9.393692016601562e-05
9 0.00017344951629638672
▁ 0.0271453857421875
8 0.0007729530334472656
8 0.0001316070556640625
8 5.030632019042969e-05
- 0.00035190582275390625
3 0.00023543834686279297
5 0.00016927719116210938
3 4.184246063232422e-05
- 5.7816505432128906e-05
1 0.00016558170318603516
2 0.00011241436004638672
9 9.417533874511719e-05
9 0.0001728534698486328
▁ 0.028717041015625
8 0.0007910728454589844
8 0.00013446807861328125
8 4.9114227294921875e-05
- 0.00033283233642578125
3 0.0002199411392211914
5 0.00016701221466064453
3 4.172325134277344e-05
- 5.8650970458984375e-05
1 0.00017309188842773438
2 0.00011670589447021484
9 9.751319885253906e-05
9 0.0001672506332397461
▁ 0.0247344970703125
8 0.000774383544921875
8 0.00012874603271484375
8 4.565715789794922e-05
- 0.00032591819763183594
3 0.0002384185791015625
5 0.00017523765563964844
3 4.124641418457031e-05
- 5.7578086853027344e-05
1 0.00017523765563964844
2 0.00011467933654785156
9 9.775161743164062e-05
9 0.00017905235290527344
▁ 0.0238037109375
8 0.0007681846618652344
8 0.00013113021850585938
8 4.482269287109375e-05
- 0.0003170967102050781
3 0.0002257823944091797
5 0.00016450881958007812
3 4.029273986816406e-05
- 5.638599395751953e-05
1 0.0001691579818725586
2 0.00010943412780761719
9 9.846687316894531e-05
9 0.00017690658569335938
▁ 0.0220794677734375
8 0.0007486343383789062
8 0.00011837482452392578
8 3.993511199951172e-05
- 0.00030159950256347656
3 0.0002295970916748047
5 0.00016641616821289062
3 4.112720489501953e-05
- 5.340576171875e-05
1 0.00017404556274414062
2 0.00010728836059570312
9 0.00010132789611816406
9 0.0001747608184814453
▁ 0.0224456787109375
8 0.0007572174072265625
8 0.00011479854583740234
8 3.7789344787597656e-05
- 0.00028395652770996094
3 0.00022089481353759766
5 0.0001659393310546875
3 4.1604042053222656e-05
- 5.161762237548828e-05
1 0.00017130374908447266
2 0.00010704994201660156
9 0.00010347366333007812
9 0.00018644332885742188
▁ 0.022735595703125
8 0.0007863044738769531
8 0.00011348724365234375
8 3.647804260253906e-05
- 0.0002751350402832031
3 0.00023114681243896484
5 0.00016367435455322266
3 4.267692565917969e-05
- 5.14984130859375e-05
1 0.00017511844635009766
2 0.00010597705841064453
9 0.0001043081283569336
9 0.00019288063049316406
▁ 0.0223541259765625
8 0.0007863044738769531
8 0.0001100301742553711
8 3.4928321838378906e-05
- 0.00027108192443847656
3 0.0002415180206298828
5 0.00016117095947265625
3 4.3392181396484375e-05
- 5.2094459533691406e-05
1 0.00017213821411132812
2 0.00010979175567626953
9 0.00010597705841064453
9 0.0001958608627319336
▁ 0.022125244140625
8 0.0008091926574707031
8 0.00011324882507324219
8 3.5762786865234375e-05
- 0.0002574920654296875
3 0.000244140625
5 0.00016641616821289062
3 4.494190216064453e-05
- 5.316734313964844e-05
1 0.00017511844635009766
2 0.00011014938354492188
9 0.00010919570922851562
9 0.000202178955078125
▁ 0.0232391357421875
8 0.0008192062377929688
8 0.00011420249938964844
8 3.4809112548828125e-05
- 0.00025272369384765625
3 0.0002562999725341797
5 0.0001646280288696289
3 4.6372413635253906e-05
- 5.0187110900878906e-05
1 0.0001748800277709961
2 0.0001100301742553711
9 0.00011432170867919922
9 0.00020956993103027344
▁ 0.0229644775390625
8 0.000835418701171875
8 0.00011599063873291016
8 3.409385681152344e-05
- 0.0002397298812866211
3 0.00027489662170410156
5 0.00017631053924560547
3 4.982948303222656e-05
- 4.8160552978515625e-05
1 0.0001863241195678711
2 0.00011444091796875
9 0.000118255615234375
9 0.00021457672119140625
▁ 0.022003173828125
8 0.00086212158203125
8 0.0001150369644165039
8 3.314018249511719e-05
- 0.0002282857894897461
3 0.00027489662170410156
5 0.0001728534698486328
3 4.875659942626953e-05
- 4.6253204345703125e-05
1 0.00019037723541259766
2 0.00011420249938964844
9 0.00011897087097167969
9 0.00021708011627197266
▁ 0.021514892578125
8 0.0008420944213867188
8 0.00011718273162841797
8 3.2901763916015625e-05
- 0.00022780895233154297
3 0.00028324127197265625
5 0.00017905235290527344
3 5.328655242919922e-05
- 4.6372413635253906e-05
1 0.0002046823501586914
2 0.0001169443130493164
9 0.00012099742889404297
9 0.0002129077911376953
▁ 0.020599365234375
8 0.0008172988891601562
8 0.00011909008026123047
8 3.325939178466797e-05
- 0.00021755695343017578
3 0.00028395652770996094
5 0.00017762184143066406
3 5.519390106201172e-05
- 4.6133995056152344e-05
1 0.00020873546600341797
2 0.00012254714965820312
9 0.00012540817260742188
9 0.00021851062774658203
▁ 0.0204010009765625
8 0.0008192062377929688
8 0.00012314319610595703
8 3.361701965332031e-05
- 0.00021648406982421875
3 0.00029206275939941406
5 0.0001800060272216797
3 5.3882598876953125e-05
- 4.649162292480469e-05
1 0.00020611286163330078
2 0.00011920928955078125
9 0.00012886524200439453
9 0.00021755695343017578
▁ 0.021575927734375
8 0.0008025169372558594
8 0.00011980533599853516
8 3.266334533691406e-05
- 0.00020945072174072266
3 0.00028204917907714844
5 0.0001760721206665039
3 5.3048133850097656e-05
- 4.7087669372558594e-05
1 0.00020325183868408203
2 0.00012111663818359375
9 0.00013244152069091797
9 0.00021791458129882812
▁ 0.022064208984375
8 0.0008168220520019531
8 0.00011837482452392578
8 3.159046173095703e-05
- 0.00020635128021240234
3 0.0002760887145996094
5 0.00017786026000976562
3 5.245208740234375e-05
- 4.673004150390625e-05
1 0.00020301342010498047
2 0.0001226663589477539
9 0.00013649463653564453
9 0.0002321004867553711
▁ 0.021575927734375
8 0.0008206367492675781
8 0.00011479854583740234
8 2.968311309814453e-05
- 0.00019681453704833984
3 0.0002613067626953125
5 0.00016558170318603516
3 4.9114227294921875e-05
- 4.6253204345703125e-05
1 0.00020039081573486328
2 0.00012218952178955078
9 0.00013244152069091797
9 0.0002200603485107422
▁ 0.0204010009765625
8 0.0007967948913574219
8 0.00010573863983154297
8 2.8014183044433594e-05
- 0.00019669532775878906
3 0.0002589225769042969
5 0.00016558170318603516
3 5.0902366638183594e-05
- 4.6253204345703125e-05
1 0.00020813941955566406
2 0.00012111663818359375
9 0.0001347064971923828
9 0.00022614002227783203
▁ 0.020050048828125
8 0.0007777214050292969
8 0.00010561943054199219
8 2.7894973754882812e-05
- 0.00019109249114990234
3 0.00024700164794921875
5 0.0001595020294189453
3 5.1021575927734375e-05
- 4.6372413635253906e-05
1 0.0002084970474243164
2 0.00012493133544921875
9 0.0001327991485595703
9 0.00022125244140625
▁ 0.0197906494140625
8 0.0007762908935546875
8 0.00010633468627929688
8 2.8133392333984375e-05
- 0.00018644332885742188
3 0.0002677440643310547
5 0.00015604496002197266
3 4.935264587402344e-05
- 4.5299530029296875e-05
1 0.00021827220916748047
2 0.00012385845184326172
9 0.00013399124145507812
9 0.00022220611572265625
▁ 0.018402099609375
8 0.0007228851318359375
8 0.00010204315185546875
8 2.8014183044433594e-05
- 0.00017333030700683594
3 0.0002658367156982422
5 0.0001552104949951172
3 4.851818084716797e-05
- 4.3511390686035156e-05
1 0.00021135807037353516
2 0.00012576580047607422
9 0.00013065338134765625
9 0.00021708011627197266
<0x0A> 4.953125
She 5.94140625
▁whisper 9.1875
ed 0.0093536376953125
, 2.130859375
▁" 0.444580078125
I 1.251953125
' 1.4453125
ve 2.4296875
▁lost 3.888671875
▁everything 3.076171875
, 1.9853515625
▁and 1.21484375
▁I 0.5439453125
▁don 1.9287109375
' 0.0006542205810546875
t 0.0004723072052001953
▁know 0.53662109375
▁how 1.705078125
▁to 0.548828125
▁get 1.1376953125
▁back 2.15234375
." 1.25
<0x0A> 0.5703125
With 6.41015625
out 1.6640625
▁hes 2.0859375
itation 0.12164306640625
, 0.05560302734375
▁I 0.6123046875
▁sat 5.97265625
▁beside 3.154296875
▁her 0.0809326171875
▁on 1.771484375
▁the 0.12005615234375
▁worn 8.9609375
- 2.6328125
out 0.196044921875
▁c 1.1328125
ouch 0.01016998291015625
, 1.6640625
▁letting 6.5703125
▁her 0.352783203125
▁gr 6.6796875
ief 1.04296875
▁and 2.720703125
▁pain 1.7412109375
▁consume 5.05078125
▁the 5.9140625
▁space 2.162109375
▁between 1.1123046875
▁us 0.05859375
. 0.1746826171875
<0x0A> 0.9814453125
I 1.3837890625
▁pulled 4.73828125
▁her 0.480712890625
▁into 1.052734375
▁a 3.111328125
▁comfort 5.55078125
ing 0.010040283203125
▁em 0.59521484375
brace 6.556510925292969e-05
, 0.875
▁saying 4.8203125
▁" 4.28515625
when 9.390625
▁you 1.302734375
▁can 4.47265625
' 1.109375
t 0.0003638267517089844
▁look 5.98046875
▁on 5.1015625
▁the 0.66015625
▁bright 0.2073974609375
▁side 0.0078277587890625
, 0.7666015625
▁I 2.1484375
▁will 2.75
▁sit 6.546875
▁with 1.2412109375
▁you 0.0418701171875
▁in 3.234375
▁the 0.88427734375
▁dark 0.350341796875
." 0.67041015625
<0x0A> 0.2064208984375
I 1.375
▁was 3.5
▁Emma 13.5546875
' 0.8154296875
s 0.002620697021484375
▁constant 6.17578125
▁companion 0.395263671875
▁throughout 3.724609375
▁her 0.7880859375
▁journey 1.9677734375
▁of 2.693359375
▁self 3.78125
- 0.0894775390625
dis 0.2841796875
cover 0.0010442733764648438
y 0.0012407302856445312
. 0.77685546875
<0x0A> 1.048828125
Em 3.109375
ma 0.004749298095703125
▁was 2.12109375
▁able 4.32421875
▁to 0.0031871795654296875
▁reg 4.9921875
ain 0.015289306640625
▁her 0.75
▁spark 7.33984375
le 0.89306640625
▁because 5.3515625
▁she 1.0400390625
▁accepted 5.16796875
▁her 1.4736328125
▁vulner 4.9765625
ability 0.5546875
. 1.5849609375
<0x0A> 0.307373046875
As 4.078125
▁she 2.037109375
▁lean 5.3515625
ed 0.0007166862487792969
▁against 1.986328125
▁me 0.314453125
, 0.33251953125
▁Emma 5.0546875
▁s 5.56640625
ighed 0.56396484375
. 2.7734375
<0x0A> 0.8349609375
" 0.61181640625
Thank 3.42578125
▁you 0.022613525390625
▁for 1.1591796875
▁sitting 3.15625
▁with 0.439208984375
▁me 0.00505828857421875
▁in 1.443359375
▁the 0.054931640625
▁dark 0.0762939453125
," 1.9013671875
▁she 0.392578125
▁whisper 0.64111328125
ed 0.0004265308380126953
▁sin 7.92578125
cer 0.0006999969482421875
ely 0.0016469955444335938
. 0.1790771484375
▁" 2.40234375
You 1.880859375
▁gave 3.185546875
▁me 0.04425048828125
▁the 1.28515625
▁courage 1.3505859375
▁to 0.09136962890625
▁face 2.287109375
▁my 0.5380859375
▁dem 2.953125
ons 0.001369476318359375
▁and 1.69140625
▁redis 5.71484375
cover 0.00030303001403808594
▁my 0.6083984375
▁light 1.849609375
." 0.1875
<0x0A> 0.023223876953125
A 4.20703125
▁te 6.09765625
ar 0.088623046875
▁wel 4.73046875
led 0.0002644062042236328
▁in 1.8818359375
▁my 0.96533203125
▁eye 0.314453125
, 1.8720703125
▁reflect 5.265625
ing 0.0022430419921875
▁the 0.86669921875
▁prof 6.0546875
ound 0.0379638671875
▁bond 3.583984375
▁that 1.5771484375
▁had 2.263671875
▁formed 1.56640625
▁during 4.38671875
▁those 2.2578125
▁tum 4.6953125
ult 0.0001747608184814453
uous 0.0011072158813476562
▁months 1.595703125
. 0.212646484375
▁We 5.8359375
▁walked 5.0546875
▁hand 1.783203125
▁in 0.7861328125
▁hand 0.002269744873046875
, 1.533203125
▁no 5.984375
▁longer 0.423828125
▁afraid 2.423828125
▁of 0.93896484375
▁the 0.59765625
▁sh 4.796875
adows 0.0107879638671875
, 1.7421875
▁but 1.2412109375
▁grateful 5.26953125
▁for 0.380615234375
▁the 0.29736328125
▁less 5.95703125
ons 0.0718994140625
▁they 3.85546875
▁taught 0.828125
▁us 0.3115234375
. 0.2213134765625
<0x0A> 0.126708984375
Em 2.41015625
ma 0.00943756103515625
' 1.6455078125
s 0.0023632049560546875
▁transformation 4.46484375
▁rem 5.25
ind 0.220458984375
ed 0.0005998611450195312
▁us 2.9453125
▁that 0.841796875
▁there 3.1640625
▁is 0.427978515625
▁strength 4.09375
▁in 0.11865234375
▁vulner 0.763671875
ability 0.002971649169921875
, 1.46875
▁love 4.85546875
▁in 0.274169921875
▁darkness 4.0390625
, 0.08929443359375
▁and 0.1337890625
▁hope 1.701171875
▁in 0.1212158203125
▁the 0.9443359375
▁depth 4.078125
s 0.07659912109375
▁of 0.034088134765625
▁desp 0.09539794921875
air 0.00016951560974121094
. 0.0174560546875
