▁The 10.375
▁ 5.75390625
8 3.224609375
8 2.767578125
8 1.4609375
- 5.1484375
3 4.62109375
4 3.015625
9 3.25
- 1.66796875
8 2.08203125
8 0.90625
8 0.7021484375
4 4.70703125
▁ 3.509765625
8 0.75732421875
8 0.246337890625
8 0.293701171875
- 1.52734375
3 0.619140625
4 0.0860595703125
9 0.14013671875
- 0.39892578125
8 0.035614013671875
8 0.0086517333984375
8 0.01222991943359375
4 0.08245849609375
▁ 0.6767578125
8 0.138671875
8 0.018646240234375
8 0.0287628173828125
- 0.21142578125
3 0.019927978515625
4 0.00724029541015625
9 0.01422119140625
- 0.0202178955078125
8 0.006122589111328125
8 0.0011110305786132812
8 0.0044403076171875
4 0.014404296875
▁ 0.26806640625
8 0.0562744140625
8 0.00580596923828125
8 0.004100799560546875
- 0.033050537109375
3 0.0173492431640625
4 0.010101318359375
9 0.02203369140625
- 0.0090484619140625
8 0.004924774169921875
8 0.0010824203491210938
8 0.0034046173095703125
4 0.008544921875
▁ 0.189453125
8 0.028839111328125
8 0.0048675537109375
8 0.0026035308837890625
- 0.017059326171875
3 0.01187896728515625
4 0.00540924072265625
9 0.0131378173828125
- 0.005950927734375
8 0.0036525726318359375
8 0.0007519721984863281
8 0.0023136138916015625
4 0.005970001220703125
▁ 0.12408447265625
8 0.0200042724609375
8 0.004119873046875
8 0.00200653076171875
- 0.014251708984375
3 0.0103607177734375
4 0.004261016845703125
9 0.01178741455078125
- 0.00466156005859375
8 0.0026531219482421875
8 0.0006237030029296875
8 0.0017642974853515625
4 0.004947662353515625
▁ 0.08929443359375
8 0.0149383544921875
8 0.003620147705078125
8 0.002132415771484375
- 0.01629638671875
3 0.00867462158203125
4 0.003448486328125
9 0.00933837890625
- 0.004566192626953125
8 0.0020809173583984375
8 0.0005431175231933594
8 0.001598358154296875
4 0.003772735595703125
▁ 0.07818603515625
8 0.01238250732421875
8 0.0029621124267578125
8 0.0017604827880859375
- 0.0165252685546875
3 0.008636474609375
4 0.0031147003173828125
9 0.00835418701171875
- 0.0040130615234375
8 0.0015058517456054688
8 0.0004067420959472656
8 0.0012073516845703125
4 0.0029754638671875
▁ 0.067138671875
8 0.010650634765625
8 0.0026035308837890625
8 0.0015125274658203125
- 0.0161285400390625
3 0.006534576416015625
4 0.0022735595703125
9 0.006465911865234375
- 0.0032672882080078125
8 0.0012073516845703125
8 0.00034499168395996094
8 0.0010881423950195312
4 0.00264739990234375
▁ 0.0596923828125
8 0.00888824462890625
8 0.002254486083984375
8 0.001323699951171875
- 0.01404571533203125
3 0.007114410400390625
4 0.0025691986083984375
9 0.00659942626953125
- 0.0033893585205078125
8 0.00109100341796875
8 0.00033974647521972656
8 0.0010223388671875
4 0.0026683807373046875
▁ 0.05108642578125
8 0.006893157958984375
8 0.002063751220703125
8 0.0012569427490234375
- 0.01084136962890625
3 0.006687164306640625
4 0.0020923614501953125
9 0.005764007568359375
- 0.0028667449951171875
8 0.0010499954223632812
8 0.0003352165222167969
8 0.001064300537109375
4 0.0025272369384765625
▁ 0.044189453125
8 0.006053924560546875
8 0.00188446044921875
8 0.0013332366943359375
- 0.0096588134765625
3 0.005207061767578125
4 0.0018110275268554688
9 0.004734039306640625
- 0.0024127960205078125
8 0.0010547637939453125
8 0.0003070831298828125
8 0.0009016990661621094
4 0.0022449493408203125
▁ 0.04144287109375
8 0.004756927490234375
8 0.0015993118286132812
8 0.0009813308715820312
- 0.006687164306640625
3 0.004486083984375
4 0.0016040802001953125
9 0.004802703857421875
- 0.001804351806640625
8 0.0009222030639648438
8 0.0002486705780029297
8 0.0006685256958007812
4 0.0019063949584960938
▁ 0.0357666015625
8 0.004268646240234375
8 0.0013132095336914062
8 0.0007672309875488281
- 0.00492095947265625
3 0.00313568115234375
4 0.0012979507446289062
9 0.00391387939453125
- 0.0013561248779296875
8 0.0008554458618164062
8 0.00022220611572265625
8 0.0005660057067871094
4 0.0017566680908203125
▁ 0.031951904296875
8 0.003726959228515625
8 0.0012159347534179688
8 0.0007519721984863281
- 0.00567626953125
3 0.003032684326171875
4 0.0012569427490234375
9 0.0036907196044921875
- 0.0013666152954101562
8 0.0009174346923828125
8 0.00024437904357910156
8 0.0005521774291992188
4 0.0016660690307617188
▁ 0.03240966796875
8 0.0035991668701171875
8 0.0011472702026367188
8 0.0006570816040039062
- 0.004852294921875
3 0.00252532958984375
4 0.0011568069458007812
9 0.0032100677490234375
- 0.0011739730834960938
8 0.0008397102355957031
8 0.0002256631851196289
8 0.0004916191101074219
4 0.0014524459838867188
▁ 0.0306396484375
8 0.00333404541015625
8 0.0010242462158203125
8 0.0006456375122070312
- 0.00418853759765625
3 0.002285003662109375
4 0.0011053085327148438
9 0.00308990478515625
- 0.0012006759643554688
8 0.0008311271667480469
8 0.0002181529998779297
8 0.0005021095275878906
4 0.00135040283203125
▁ 0.02716064453125
8 0.00304412841796875
8 0.0010671615600585938
8 0.0007100105285644531
- 0.00390625
3 0.002147674560546875
4 0.001033782958984375
9 0.00293731689453125
- 0.0011854171752929688
8 0.00084686279296875
8 0.0002225637435913086
8 0.0005140304565429688
4 0.0012750625610351562
▁ 0.0255279541015625
8 0.002880096435546875
8 0.0011157989501953125
8 0.0008378028869628906
- 0.004108428955078125
3 0.002429962158203125
4 0.0010385513305664062
9 0.0032024383544921875
- 0.00121307373046875
8 0.0008487701416015625
8 0.00023412704467773438
8 0.0005717277526855469
4 0.0013151168823242188
▁ 0.0243072509765625
8 0.00264739990234375
8 0.0010290145874023438
8 0.0007739067077636719
- 0.0036411285400390625
3 0.0019931793212890625
4 0.0009403228759765625
9 0.002918243408203125
- 0.0011434555053710938
8 0.0008530616760253906
8 0.0002321004867553711
8 0.0005841255187988281
4 0.0013589859008789062
▁ 0.0239715576171875
8 0.0025196075439453125
8 0.0009546279907226562
8 0.0007429122924804688
- 0.0037479400634765625
3 0.0019779205322265625
4 0.0009751319885253906
9 0.0031986236572265625
- 0.001079559326171875
8 0.0007977485656738281
8 0.00022840499877929688
8 0.0005388259887695312
4 0.0013341903686523438
▁ 0.0230255126953125
8 0.0023345947265625
8 0.0008606910705566406
8 0.0006647109985351562
- 0.0034198760986328125
3 0.00206756591796875
4 0.0010118484497070312
9 0.0033893585205078125
- 0.0011138916015625
8 0.0008411407470703125
8 0.0002295970916748047
8 0.0005068778991699219
4 0.0013055801391601562
▁ 0.02276611328125
8 0.002346038818359375
8 0.0008778572082519531
8 0.0006895065307617188
- 0.0035457611083984375
3 0.0020008087158203125
4 0.0009984970092773438
9 0.0031452178955078125
- 0.0011844635009765625
8 0.0008549690246582031
8 0.00022971630096435547
8 0.00047707557678222656
4 0.0012636184692382812
▁ 0.02166748046875
8 0.002101898193359375
8 0.00079345703125
8 0.0006117820739746094
- 0.00296783447265625
3 0.0017576217651367188
4 0.0009264945983886719
9 0.002735137939453125
- 0.0009274482727050781
8 0.0007700920104980469
8 0.00020110607147216797
8 0.0004010200500488281
4 0.001110076904296875
▁ 0.0203399658203125
8 0.0020313262939453125
8 0.000789642333984375
8 0.0006346702575683594
- 0.0028438568115234375
3 0.0016536712646484375
4 0.0009379386901855469
9 0.002552032470703125
- 0.0009541511535644531
8 0.0007476806640625
8 0.00020432472229003906
8 0.0004246234893798828
4 0.0011444091796875
▁ 0.0194549560546875
8 0.0019435882568359375
8 0.0007605552673339844
8 0.0006456375122070312
- 0.00295257568359375
3 0.001560211181640625
4 0.0009403228759765625
9 0.002315521240234375
- 0.0008873939514160156
8 0.0007538795471191406
8 0.0001920461654663086
8 0.00039505958557128906
4 0.0010499954223632812
▁ 0.0198822021484375
8 0.001895904541015625
8 0.0007328987121582031
8 0.0005807876586914062
- 0.0027008056640625
3 0.0014829635620117188
4 0.0009341239929199219
9 0.002361297607421875
- 0.0007710456848144531
8 0.0006761550903320312
8 0.00017786026000976562
8 0.00035071372985839844
4 0.0009546279907226562
▁ 0.019561767578125
8 0.0018148422241210938
8 0.0006475448608398438
8 0.0005249977111816406
- 0.0022563934326171875
3 0.0013303756713867188
4 0.0009174346923828125
9 0.002227783203125
- 0.0007448196411132812
8 0.000640869140625
8 0.00016427040100097656
8 0.0003249645233154297
4 0.0008549690246582031
▁ 0.018402099609375
8 0.0016937255859375
8 0.0006475448608398438
8 0.0005321502685546875
- 0.0022125244140625
3 0.0013589859008789062
4 0.0009016990661621094
9 0.002193450927734375
- 0.0007834434509277344
8 0.0006628036499023438
8 0.00017178058624267578
8 0.0003299713134765625
4 0.0008673667907714844
▁ 0.0184326171875
8 0.00157928466796875
8 0.0006589889526367188
8 0.0005922317504882812
- 0.0023746490478515625
3 0.0014371871948242188
4 0.0009179115295410156
9 0.0019588470458984375
- 0.0008149147033691406
8 0.0006494522094726562
8 0.00018262863159179688
8 0.00033164024353027344
4 0.0008378028869628906
▁ 0.0178070068359375
8 0.0015058517456054688
8 0.0006732940673828125
8 0.0005793571472167969
- 0.00232696533203125
3 0.0013875961303710938
4 0.0009508132934570312
9 0.0019464492797851562
- 0.0008401870727539062
8 0.0006456375122070312
8 0.00018703937530517578
8 0.00033545494079589844
4 0.0008435249328613281
▁ 0.0167999267578125
8 0.0014257431030273438
8 0.00067138671875
8 0.000598907470703125
- 0.0022373199462890625
3 0.0012350082397460938
4 0.0009365081787109375
9 0.0018939971923828125
- 0.0007882118225097656
8 0.0006136894226074219
8 0.00018095970153808594
8 0.00031113624572753906
4 0.0007901191711425781
▁ 0.01629638671875
8 0.0013761520385742188
8 0.0006861686706542969
8 0.0005955696105957031
- 0.002506256103515625
3 0.0013837814331054688
4 0.0010042190551757812
9 0.0020885467529296875
- 0.0008482933044433594
8 0.0006055831909179688
8 0.00019609928131103516
8 0.0003228187561035156
4 0.0008416175842285156
▁ 0.01549530029296875
8 0.0013027191162109375
8 0.0006546974182128906
8 0.0005803108215332031
- 0.002399444580078125
3 0.001178741455078125
4 0.0009775161743164062
9 0.0018720626831054688
- 0.0008072853088378906
8 0.0006055831909179688
8 0.00018715858459472656
8 0.00030732154846191406
4 0.0007843971252441406
▁ 0.015167236328125
8 0.0012884140014648438
8 0.0006380081176757812
8 0.0005507469177246094
- 0.0022449493408203125
3 0.0010614395141601562
4 0.0010585784912109375
9 0.0021209716796875
- 0.0007023811340332031
8 0.0005521774291992188
8 0.00018644332885742188
8 0.0002999305725097656
4 0.0007376670837402344
▁ 0.0146484375
8 0.0012569427490234375
8 0.0006489753723144531
8 0.0005712509155273438
- 0.0021724700927734375
3 0.0009608268737792969
4 0.0010976791381835938
9 0.0018711090087890625
- 0.0007076263427734375
8 0.0005445480346679688
8 0.00018680095672607422
8 0.00030112266540527344
4 0.00074005126953125
▁ 0.01410675048828125
8 0.0012350082397460938
8 0.000667572021484375
8 0.0005764961242675781
- 0.0020122528076171875
3 0.0009336471557617188
4 0.0010766983032226562
9 0.0018100738525390625
- 0.0007276535034179688
8 0.0005578994750976562
8 0.00018537044525146484
8 0.0002982616424560547
4 0.0007257461547851562
▁ 0.0130157470703125
8 0.0011224746704101562
8 0.0006575584411621094
8 0.0005559921264648438
- 0.0017757415771484375
3 0.0008993148803710938
4 0.0010137557983398438
9 0.001617431640625
- 0.0006389617919921875
8 0.0005369186401367188
8 0.00017905235290527344
8 0.0002715587615966797
4 0.0006685256958007812
▁ 0.0126953125
8 0.0011386871337890625
8 0.000637054443359375
8 0.0005435943603515625
- 0.0017557144165039062
3 0.000911712646484375
4 0.0010385513305664062
9 0.0016717910766601562
- 0.0006580352783203125
8 0.0005240440368652344
8 0.00018775463104248047
8 0.00029587745666503906
4 0.00067138671875
▁ 0.01242828369140625
8 0.00110626220703125
8 0.0006456375122070312
8 0.0005354881286621094
- 0.0017557144165039062
3 0.0008945465087890625
4 0.00098419189453125
9 0.0016040802001953125
- 0.0006165504455566406
8 0.0005507469177246094
8 0.00018906593322753906
8 0.0002911090850830078
4 0.0006585121154785156
▁ 0.0127410888671875
8 0.0011415481567382812
8 0.0006356239318847656
8 0.0005397796630859375
- 0.0019006729125976562
3 0.0009636878967285156
4 0.001041412353515625
9 0.0016279220581054688
- 0.0006136894226074219
8 0.0005235671997070312
8 0.00019061565399169922
8 0.0002903938293457031
4 0.0006532669067382812
▁ 0.01326751708984375
8 0.00110626220703125
8 0.0006079673767089844
8 0.00051116943359375
- 0.0017824172973632812
3 0.000919342041015625
4 0.0009775161743164062
9 0.0015115737915039062
- 0.0005860328674316406
8 0.0005278587341308594
8 0.0001804828643798828
8 0.0002815723419189453
4 0.0006136894226074219
▁ 0.01293182373046875
8 0.0010700225830078125
8 0.0005908012390136719
8 0.0005002021789550781
- 0.0016641616821289062
3 0.000850677490234375
4 0.0009775161743164062
9 0.0014867782592773438
- 0.0005311965942382812
8 0.0004813671112060547
8 0.00017833709716796875
8 0.0002791881561279297
4 0.0005917549133300781
▁ 0.01213836669921875
8 0.000972747802734375
8 0.0005631446838378906
8 0.0005369186401367188
- 0.0017194747924804688
3 0.0008983612060546875
4 0.000904083251953125
9 0.0013704299926757812
- 0.0005545616149902344
8 0.0004892349243164062
8 0.00017333030700683594
8 0.0002753734588623047
4 0.0006189346313476562
▁ 0.0120697021484375
8 0.0009069442749023438
8 0.0005345344543457031
8 0.00048828125
- 0.0017642974853515625
3 0.0008044242858886719
4 0.0008950233459472656
9 0.0013580322265625
- 0.0005064010620117188
8 0.00046181678771972656
8 0.00017070770263671875
8 0.0002732276916503906
4 0.0006303787231445312
▁ 0.01201629638671875
8 0.0008559226989746094
8 0.00048279762268066406
8 0.0004596710205078125
- 0.0015745162963867188
3 0.0007567405700683594
4 0.0009012222290039062
9 0.0014085769653320312
- 0.00045871734619140625
8 0.0004191398620605469
8 0.00015938282012939453
8 0.00025153160095214844
4 0.0005726814270019531
▁ 0.0118865966796875
8 0.0008234977722167969
8 0.0004677772521972656
8 0.00044536590576171875
- 0.001514434814453125
3 0.0007205009460449219
4 0.0009541511535644531
9 0.0013761520385742188
- 0.0004780292510986328
8 0.00043463706970214844
8 0.00017178058624267578
8 0.00027060508728027344
4 0.0005970001220703125
▁ 0.011993408203125
8 0.0007987022399902344
8 0.000461578369140625
8 0.0004470348358154297
- 0.0014667510986328125
3 0.0006766319274902344
4 0.0009889602661132812
9 0.0013189315795898438
- 0.0005235671997070312
8 0.00045680999755859375
8 0.00018298625946044922
8 0.0002880096435546875
4 0.0005655288696289062
▁ 0.0118255615234375
8 0.000762939453125
8 0.0004792213439941406
8 0.00046133995056152344
- 0.0014286041259765625
3 0.0006504058837890625
4 0.00104522705078125
9 0.0012693405151367188
- 0.0005068778991699219
8 0.0004572868347167969
8 0.00019121170043945312
8 0.0002956390380859375
4 0.0005626678466796875
▁ 0.01145172119140625
8 0.000732421875
8 0.0004949569702148438
8 0.0004973411560058594
- 0.001461029052734375
3 0.0006256103515625
4 0.0010614395141601562
9 0.001239776611328125
- 0.0005383491516113281
8 0.000469207763671875
8 0.00019681453704833984
8 0.00031447410583496094
4 0.0005474090576171875
▁ 0.01097869873046875
8 0.0007171630859375
8 0.0005064010620117188
8 0.0004940032958984375
- 0.0014772415161132812
3 0.0006198883056640625
4 0.0010843276977539062
9 0.0013322830200195312
- 0.0005078315734863281
8 0.0004649162292480469
8 0.0002053976058959961
8 0.0003261566162109375
4 0.0005307197570800781
▁ 0.010284423828125
8 0.0006847381591796875
8 0.0005178451538085938
8 0.0005269050598144531
- 0.0015115737915039062
3 0.0006518363952636719
4 0.001110076904296875
9 0.0013723373413085938
- 0.0005288124084472656
8 0.00046563148498535156
8 0.0002079010009765625
8 0.0003333091735839844
4 0.0005354881286621094
▁ 0.01006317138671875
8 0.0006570816040039062
8 0.0005078315734863281
8 0.0005116462707519531
- 0.0015010833740234375
3 0.0006337165832519531
4 0.001129150390625
9 0.0015354156494140625
- 0.0005092620849609375
8 0.00045299530029296875
8 0.00021207332611083984
8 0.0003299713134765625
4 0.0005254745483398438
▁ 0.01001739501953125
8 0.0006594657897949219
8 0.0005278587341308594
8 0.0005388259887695312
- 0.0015010833740234375
3 0.0006413459777832031
4 0.0011472702026367188
9 0.0015316009521484375
- 0.0004673004150390625
8 0.00042629241943359375
8 0.0002149343490600586
8 0.0003352165222167969
4 0.0005178451538085938
▁ 0.0098876953125
8 0.0006394386291503906
8 0.0005321502685546875
8 0.0005517005920410156
- 0.0015773773193359375
3 0.0006933212280273438
4 0.0012102127075195312
9 0.0015430450439453125
- 0.0005135536193847656
8 0.0004284381866455078
8 0.00022673606872558594
8 0.0003504753112792969
4 0.0005331039428710938
▁ 0.00989532470703125
8 0.0006198883056640625
8 0.0005369186401367188
8 0.000560760498046875
- 0.0015954971313476562
3 0.0006818771362304688
4 0.0012540817260742188
9 0.0015115737915039062
- 0.0005192756652832031
8 0.00041866302490234375
8 0.00022530555725097656
8 0.0003426074981689453
4 0.0005140304565429688
▁ 0.00971221923828125
8 0.0006098747253417969
8 0.0005316734313964844
8 0.0005564689636230469
- 0.0013952255249023438
3 0.0006198883056640625
4 0.00128936767578125
9 0.0016002655029296875
- 0.0004987716674804688
8 0.00038886070251464844
8 0.0002224445343017578
8 0.00034546852111816406
4 0.0004935264587402344
<0x0A> 6.4765625
One 7.1796875
▁day 4.78125
, 1.4775390625
▁as 4.34375
▁he 2.119140625
▁p 6.06640625
onder 0.51953125
ed 0.0017604827880859375
▁his 1.46484375
▁purpose 5.08984375
▁amongst 7.97265625
▁the 0.61279296875
▁ru 5.46484375
ins 0.1131591796875
, 1.77734375
▁he 1.1240234375
▁heard 2.9140625
▁a 0.68359375
▁faint 3.7265625
▁sound 2.1484375
▁– 5.7109375
▁a 1.0009765625
▁knock 7.1171875
▁on 1.51171875
▁the 0.479248046875
▁door 0.402587890625
. 0.359619140625
▁His 3.716796875
▁heart 1.896484375
▁ski 2.59375
pped 0.011810302734375
▁a 0.1956787109375
▁beat 0.0296783447265625
; 3.859375
▁fear 5.33984375
▁m 5.60546875
ing 0.08428955078125
led 0.07379150390625
▁with 0.037445068359375
▁excitement 1.0009765625
▁as 2.208984375
▁he 0.137939453125
▁c 5.7265625
aut 0.037689208984375
iously 0.0005888938903808594
▁approached 3.17578125
▁the 0.2298583984375
▁source 8.15625
▁of 0.217041015625
▁the 0.08477783203125
▁noise 1.455078125
. 0.2279052734375
▁Ad 9.1640625
ren 1.783203125
al 0.0811767578125
ine 0.004245758056640625
▁sur 2.546875
ged 0.034088134765625
▁through 0.36962890625
▁his 0.1905517578125
▁ve 0.3623046875
ins 0.00045013427734375
▁as 0.353515625
▁he 0.187255859375
▁reached 3.4140625
▁out 2.40625
▁to 0.93896484375
▁open 1.185546875
▁the 0.0166473388671875
▁door 0.034698486328125
, 1.8759765625
▁not 4.4296875
▁knowing 1.947265625
▁what 0.74951171875
▁await 3.85546875
ed 0.00048351287841796875
▁him 0.26611328125
. 1.3369140625
<0x0A> 1.1259765625
To 5.0390625
▁his 0.2822265625
▁ut 7.47265625
most 0.0023288726806640625
▁surprise 0.4736328125
, 0.107177734375
▁he 0.7822265625
▁found 0.798828125
▁a 1.6259765625
▁little 4.15625
▁girl 0.430908203125
▁standing 1.255859375
▁at 2.09375
▁his 1.720703125
▁door 0.32861328125
step 0.9755859375
, 1.197265625
▁her 1.8408203125
▁eyes 1.3916015625
▁filled 2.3828125
▁with 0.0030918121337890625
▁innoc 3.96875
ence 0.23681640625
▁and 0.491455078125
▁curiosity 2.056640625
. 0.2744140625
▁She 1.517578125
▁wore 3.64453125
▁t 8.3125
atter 0.019073486328125
ed 0.0003330707550048828
▁clothes 0.70166015625
▁and 0.84033203125
▁bore 7.93359375
▁the 1.5615234375
▁signs 3.11328125
▁of 0.006938934326171875
▁the 4.13671875
▁har 2.00390625
sh 0.0008716583251953125
▁world 4.65625
▁she 0.69921875
▁had 1.203125
▁surv 3.810546875
ived 4.684925079345703e-05
▁in 2.685546875
. 0.394287109375
▁The 3.4765625
▁man 5.44921875
▁felt 2.962890625
▁a 1.1650390625
▁sur 3.091796875
ge 0.014739990234375
▁of 0.01009368896484375
▁emot 4.45703125
ions 0.0086669921875
▁he 4.4375
▁hadn 3.267578125
' 0.0018596649169921875
t 0.00014603137969970703
▁experienced 2.21875
▁in 0.56201171875
▁a 0.66796875
▁long 0.45556640625
▁time 0.1474609375
▁– 1.8271484375
▁hope 2.916015625
, 0.45703125
▁joy 2.21875
, 0.2144775390625
▁and 1.1455078125
▁a 2.51171875
▁renew 4.78125
ed 0.01534271240234375
▁sense 0.338623046875
▁of 0.0032196044921875
▁purpose 0.2529296875
. 0.3095703125
<0x0A> 0.76953125
The 2.16015625
▁man 2.08203125
▁and 3.38671875
▁the 0.211669921875
▁girl 0.89794921875
▁shared 2.744140625
▁mem 7.6796875
ories 4.4226646423339844e-05
▁and 2.392578125
▁created 7.66796875
▁new 2.658203125
▁ones 0.244384765625
, 1.9912109375
▁while 4.86328125
▁the 1.9013671875
▁man 1.931640625
▁taught 3.904296875
▁her 2.0234375
▁surv 6.3125
ival 0.0080718994140625
▁skills 0.20703125
. 1.5810546875
<0x0A> 3.27734375
In 4.02734375
▁their 3.9296875
▁tiny 6.57421875
▁san 7.7578125
ctu 0.00907135009765625
ary 0.002185821533203125
, 0.333984375
▁they 0.98974609375
▁formed 4.66015625
▁a 0.1953125
▁s 8.515625
embl 0.2919921875
ance 0.0004916191101074219
▁of 0.005340576171875
▁a 0.27392578125
▁family 0.376220703125
. 0.5830078125
▁The 1.892578125
▁man 0.66650390625
▁realized 6.21875
▁that 0.77001953125
▁l 9.8984375
onel 0.08880615234375
iness 0.0007624626159667969
▁had 3.017578125
▁cloud 6.94921875
ed 0.00027561187744140625
▁his 0.2076416015625
▁judgment 3.638671875
, 1.41796875
▁and 0.4619140625
▁he 0.73876953125
▁had 2.814453125
▁mistaken 7.27734375
ly 0.80517578125
▁believed 3.142578125
▁he 2.0703125
▁was 0.79248046875
▁the 2.07421875
▁last 5.15625
▁remaining 4.30078125
▁soul 3.888671875
▁on 1.1015625
▁Earth 1.0947265625
. 0.1031494140625
▁Yet 5.546875
, 0.433837890625
▁in 3.0234375
▁the 1.34375
▁midst 1.8525390625
▁of 0.0024394989013671875
▁dev 6.5859375
ast 0.01087188720703125
ation 0.046142578125
, 0.428955078125
▁he 0.72998046875
▁had 2.037109375
▁found 0.87158203125
▁a 1.267578125
▁reason 3.1171875
▁to 0.1148681640625
▁keep 3.337890625
▁going 0.62744140625
. 0.55712890625
<0x0A> 0.48095703125
The 1.5400390625
▁man 1.0302734375
▁and 1.123046875
▁the 0.100341796875
▁girl 0.14306640625
▁were 2.779296875
▁determined 4.91796875
▁to 0.07012939453125
▁re 3.927734375
build 0.06036376953125
▁what 3.623046875
▁had 1.1015625
▁been 0.1982421875
▁lost 0.93994140625
, 1.2294921875
▁and 0.7587890625
▁each 5.671875
▁knock 11.5859375
▁on 1.1005859375
▁the 0.2486572265625
▁door 0.01708984375
▁was 2.02734375
▁met 5.40625
▁with 0.055938720703125
▁hope 2.912109375
, 2.109375
▁as 4.20703125
▁they 0.7919921875
▁vent 6.921875
ured 0.00409698486328125
▁into 1.7939453125
▁the 0.744140625
▁des 6.94921875
olate 0.389404296875
▁world 1.240234375
▁together 3.9140625
. 0.1121826171875
▁Each 6.26953125
▁knock 4.10546875
▁on 1.6337890625
▁the 0.12420654296875
▁door 0.008544921875
▁was 0.861328125
▁met 0.274658203125
▁with 0.0157623291015625
▁hope 0.204345703125
, 0.1710205078125
▁as 0.0677490234375
▁they 0.07769775390625
▁vent 0.0523681640625
ured 0.00284576416015625
▁into 0.009490966796875
▁the 0.00969696044921875
▁des 0.0275115966796875
olate 0.0175933837890625
▁world 0.00478363037109375
▁together 0.00450897216796875
, 3.623046875
▁ready 5.5546875
▁to 0.0538330078125
▁face 1.822265625
▁whatever 1.21875
▁came 2.1875
