▁When 5.5078125
▁she 5.83203125
▁lost 5.83203125
▁her 0.41943359375
▁job 2.048828125
, 1.2412109375
▁she 1.546875
▁was 2.369140625
▁dev 2.796875
ast 0.01279449462890625
ated 0.0011911392211914062
, 2.646484375
▁but 0.80322265625
▁she 1.310546875
▁was 2.263671875
▁still 4.0625
▁able 1.8642578125
▁to 0.00690460205078125
▁find 1.71875
▁the 3.453125
▁silver 2.337890625
▁l 0.0535888671875
ining 8.96453857421875e-05
. 0.83642578125
<0x0A> 0.8330078125
I 3.5859375
▁decided 5.98828125
▁to 0.305908203125
▁surprise 9.2734375
▁her 0.60546875
▁and 2.271484375
▁find 5.41796875
▁ 6.484375
8 3.482421875
8 4.60546875
8 2.88671875
- 1.509765625
3 2.62890625
5 2.486328125
3 1.732421875
- 0.026214599609375
1 2.134765625
2 2.5078125
9 2.48828125
9 0.74658203125
▁ 4.74609375
8 0.9521484375
8 0.116455078125
8 0.004695892333984375
- 0.07122802734375
3 0.06378173828125
5 0.027252197265625
3 0.00504302978515625
- 0.002986907958984375
1 0.00775909423828125
2 0.014312744140625
9 0.007480621337890625
9 0.0143280029296875
▁ 1.9228515625
8 0.144775390625
8 0.032562255859375
8 0.0009436607360839844
- 0.0063018798828125
3 0.0254669189453125
5 0.0106964111328125
3 0.0023784637451171875
- 0.0004916191101074219
1 0.00302886962890625
2 0.004638671875
9 0.0023956298828125
9 0.00470733642578125
▁ 0.78271484375
8 0.05804443359375
8 0.00812530517578125
8 0.0004622936248779297
- 0.0016775131225585938
3 0.0067138671875
5 0.001819610595703125
3 0.00039649009704589844
- 0.0001951456069946289
1 0.0007171630859375
2 0.001010894775390625
9 0.0007271766662597656
9 0.0013580322265625
▁ 0.30078125
8 0.0252227783203125
8 0.00365447998046875
8 0.00022101402282714844
- 0.0008144378662109375
3 0.0034122467041015625
5 0.0007104873657226562
3 0.00016570091247558594
- 0.00013315677642822266
1 0.0003757476806640625
2 0.0005502700805664062
9 0.0004239082336425781
9 0.000499725341796875
▁ 0.08709716796875
8 0.00997161865234375
8 0.001468658447265625
8 0.00011563301086425781
- 0.0004024505615234375
3 0.001285552978515625
5 0.0002799034118652344
3 7.331371307373047e-05
- 6.67572021484375e-05
1 0.0001881122589111328
2 0.0003018379211425781
9 0.00026535987854003906
9 0.00043201446533203125
▁ 0.059844970703125
8 0.007061004638671875
8 0.0011777877807617188
8 9.691715240478516e-05
- 0.00032901763916015625
3 0.00103759765625
5 0.0002149343490600586
3 5.7578086853027344e-05
- 5.435943603515625e-05
1 0.00014734268188476562
2 0.00022649765014648438
9 0.0002065896987915039
9 0.00034928321838378906
▁ 0.056884765625
8 0.006565093994140625
8 0.0010366439819335938
8 7.855892181396484e-05
- 0.00026869773864746094
3 0.0010423660278320312
5 0.00020194053649902344
3 5.269050598144531e-05
- 4.017353057861328e-05
1 0.00011789798736572266
2 0.00020372867584228516
9 0.00017082691192626953
9 0.00034165382385253906
▁ 0.05291748046875
8 0.005908966064453125
8 0.000820159912109375
8 6.973743438720703e-05
- 0.0002262592315673828
3 0.0008249282836914062
5 0.0001786947250366211
3 4.7087669372558594e-05
- 3.3020973205566406e-05
1 0.00010669231414794922
2 0.00019979476928710938
9 0.00016379356384277344
9 0.0003616809844970703
▁ 0.05029296875
8 0.005588531494140625
8 0.0006666183471679688
8 5.900859832763672e-05
- 0.00018286705017089844
3 0.0007486343383789062
5 0.0001512765884399414
3 3.910064697265625e-05
- 3.349781036376953e-05
1 9.143352508544922e-05
2 0.00018310546875
9 0.00014030933380126953
9 0.0003490447998046875
▁ 0.053497314453125
8 0.00595855712890625
8 0.0006246566772460938
8 5.555152893066406e-05
- 0.0001533031463623047
3 0.0007834434509277344
5 0.00014901161193847656
3 3.457069396972656e-05
- 2.8848648071289062e-05
1 9.918212890625e-05
2 0.00015676021575927734
9 0.00013434886932373047
9 0.00048661231994628906
▁ 0.05462646484375
8 0.005657196044921875
8 0.0006089210510253906
8 5.2809715270996094e-05
- 0.00016629695892333984
3 0.0008587837219238281
5 0.0001652240753173828
3 3.719329833984375e-05
- 3.7789344787597656e-05
1 0.0001188516616821289
2 0.00019884109497070312
9 0.00015425682067871094
9 0.00032639503479003906
▁ 0.053955078125
8 0.0056915283203125
8 0.000690460205078125
8 5.447864532470703e-05
- 0.0001678466796875
3 0.0009212493896484375
5 0.00017786026000976562
3 4.220008850097656e-05
- 3.1113624572753906e-05
1 0.00012445449829101562
2 0.00017344951629638672
9 0.00015282630920410156
9 0.0003616809844970703
▁ 0.04449462890625
8 0.0050048828125
8 0.0006241798400878906
8 5.1140785217285156e-05
- 0.00014507770538330078
3 0.0009236335754394531
5 0.00015544891357421875
3 4.017353057861328e-05
- 2.8133392333984375e-05
1 0.00012254714965820312
2 0.00017344951629638672
9 0.00014841556549072266
9 0.0002849102020263672
▁ 0.038970947265625
8 0.0048828125
8 0.0005903244018554688
8 4.756450653076172e-05
- 0.00012385845184326172
3 0.0006818771362304688
5 0.00012767314910888672
3 3.445148468017578e-05
- 2.2411346435546875e-05
1 0.0001049041748046875
2 0.00013780593872070312
9 9.834766387939453e-05
9 0.0003218650817871094
▁ 0.032867431640625
8 0.0046539306640625
8 0.0005602836608886719
8 4.3511390686035156e-05
- 0.00012445449829101562
3 0.0006389617919921875
5 0.00012218952178955078
3 3.159046173095703e-05
- 2.1219253540039062e-05
1 0.00010335445404052734
2 0.00014603137969970703
9 9.012222290039062e-05
9 0.00026297569274902344
▁ 0.029266357421875
8 0.0046234130859375
8 0.0005273818969726562
8 4.112720489501953e-05
- 0.00011301040649414062
3 0.0006132125854492188
5 0.0001195669174194336
3 3.039836883544922e-05
- 1.9073486328125e-05
1 9.763240814208984e-05
2 0.0001207590103149414
9 0.0001055002212524414
9 0.00020182132720947266
▁ 0.0297393798828125
8 0.004352569580078125
8 0.0005130767822265625
8 4.0531158447265625e-05
- 9.357929229736328e-05
3 0.0005650520324707031
5 0.00010275840759277344
3 2.7418136596679688e-05
- 1.811981201171875e-05
1 9.083747863769531e-05
2 0.00010216236114501953
9 9.72747802734375e-05
9 0.00028014183044433594
▁ 0.0277557373046875
8 0.0043487548828125
8 0.0005044937133789062
8 3.981590270996094e-05
- 8.630752563476562e-05
3 0.0005335807800292969
5 8.64267349243164e-05
3 2.4199485778808594e-05
- 1.8596649169921875e-05
1 8.07046890258789e-05
2 6.103515625e-05
9 7.736682891845703e-05
9 0.0002465248107910156
▁ 0.026336669921875
8 0.004322052001953125
8 0.000518798828125
8 4.1961669921875e-05
- 0.00010693073272705078
3 0.0005536079406738281
5 9.608268737792969e-05
3 2.682209014892578e-05
- 1.9788742065429688e-05
1 8.869171142578125e-05
2 0.00011336803436279297
9 6.794929504394531e-05
9 0.00022220611572265625
▁ 0.024871826171875
8 0.004207611083984375
8 0.0004925727844238281
8 4.494190216064453e-05
- 0.00010061264038085938
3 0.000537872314453125
5 0.0001062154769897461
3 2.8014183044433594e-05
- 2.0742416381835938e-05
1 0.00010192394256591797
2 0.00010859966278076172
9 7.486343383789062e-05
9 0.00033402442932128906
▁ 0.02276611328125
8 0.004085540771484375
8 0.0004878044128417969
8 4.5299530029296875e-05
- 9.584426879882812e-05
3 0.0005331039428710938
5 0.0001024007797241211
3 2.7894973754882812e-05
- 1.9788742065429688e-05
1 9.620189666748047e-05
2 7.259845733642578e-05
9 8.45193862915039e-05
9 0.0001895427703857422
▁ 0.024200439453125
8 0.004405975341796875
8 0.00048542022705078125
8 4.088878631591797e-05
- 9.274482727050781e-05
3 0.0005774497985839844
5 9.369850158691406e-05
3 2.5153160095214844e-05
- 2.002716064453125e-05
1 9.906291961669922e-05
2 7.95125961303711e-05
9 9.131431579589844e-05
9 0.00011658668518066406
▁ 0.022552490234375
8 0.0037326812744140625
8 0.0003943443298339844
8 3.612041473388672e-05
- 9.071826934814453e-05
3 0.0004734992980957031
5 8.034706115722656e-05
3 2.276897430419922e-05
- 2.0742416381835938e-05
1 8.869171142578125e-05
2 8.845329284667969e-05
9 8.189678192138672e-05
9 0.00012159347534179688
▁ 0.02325439453125
8 0.00366973876953125
8 0.0003960132598876953
8 3.445148468017578e-05
- 8.344650268554688e-05
3 0.00044918060302734375
5 7.987022399902344e-05
3 2.086162567138672e-05
- 2.014636993408203e-05
1 8.702278137207031e-05
2 7.665157318115234e-05
9 6.306171417236328e-05
9 0.00023603439331054688
▁ 0.024261474609375
8 0.00347137451171875
8 0.0003895759582519531
8 3.0159950256347656e-05
- 8.749961853027344e-05
3 0.00048542022705078125
5 8.058547973632812e-05
3 2.2411346435546875e-05
- 2.396106719970703e-05
1 9.834766387939453e-05
2 7.808208465576172e-05
9 7.867813110351562e-05
9 0.0001246929168701172
▁ 0.025146484375
8 0.0038394927978515625
8 0.0004036426544189453
8 3.3736228942871094e-05
- 8.630752563476562e-05
3 0.0005340576171875
5 8.761882781982422e-05
3 2.3126602172851562e-05
- 2.300739288330078e-05
1 9.679794311523438e-05
2 7.259845733642578e-05
9 6.0439109802246094e-05
9 0.00022733211517333984
▁ 0.0229644775390625
8 0.0038299560546875
8 0.0003986358642578125
8 3.4332275390625e-05
- 8.976459503173828e-05
3 0.0005340576171875
5 8.738040924072266e-05
3 2.2292137145996094e-05
- 2.193450927734375e-05
1 8.761882781982422e-05
2 3.993511199951172e-05
9 6.389617919921875e-05
9 0.00011134147644042969
▁ 0.0226898193359375
8 0.0035953521728515625
8 0.0003943443298339844
8 3.218650817871094e-05
- 9.34600830078125e-05
3 0.0004849433898925781
5 8.416175842285156e-05
3 2.0503997802734375e-05
- 2.086162567138672e-05
1 8.702278137207031e-05
2 5.650520324707031e-05
9 5.793571472167969e-05
9 0.00016927719116210938
▁ 0.020965576171875
8 0.0032863616943359375
8 0.0003573894500732422
8 2.944469451904297e-05
- 7.724761962890625e-05
3 0.0004723072052001953
5 7.843971252441406e-05
3 2.014636993408203e-05
- 1.9788742065429688e-05
1 8.165836334228516e-05
2 4.565715789794922e-05
9 6.151199340820312e-05
9 9.930133819580078e-05
▁ 0.0199432373046875
8 0.0032558441162109375
8 0.0003287792205810547
8 2.9087066650390625e-05
- 7.545948028564453e-05
3 0.0004596710205078125
5 7.009506225585938e-05
3 1.811981201171875e-05
- 1.7762184143066406e-05
1 7.534027099609375e-05
2 4.8279762268066406e-05
9 5.9604644775390625e-05
9 8.547306060791016e-05
▁ 0.020111083984375
8 0.0031909942626953125
8 0.00032210350036621094
8 3.0159950256347656e-05
- 8.547306060791016e-05
3 0.00048232078552246094
5 7.581710815429688e-05
3 1.9669532775878906e-05
- 2.086162567138672e-05
1 7.772445678710938e-05
2 3.933906555175781e-05
9 5.650520324707031e-05
9 8.463859558105469e-05
▁ 0.020111083984375
8 0.0031261444091796875
8 0.00031828880310058594
8 2.8252601623535156e-05
- 8.356571197509766e-05
3 0.0004706382751464844
5 7.236003875732422e-05
3 2.0265579223632812e-05
- 2.2172927856445312e-05
1 7.796287536621094e-05
2 4.088878631591797e-05
9 5.626678466796875e-05
9 8.988380432128906e-05
▁ 0.0196685791015625
8 0.0029811859130859375
8 0.0002949237823486328
8 2.5153160095214844e-05
- 8.0108642578125e-05
3 0.0004837512969970703
5 7.62939453125e-05
3 2.300739288330078e-05
- 2.2172927856445312e-05
1 7.998943328857422e-05
2 6.783008575439453e-05
9 5.900859832763672e-05
9 0.00012505054473876953
▁ 0.0189361572265625
8 0.003082275390625
8 0.00026798248291015625
8 2.586841583251953e-05
- 7.557868957519531e-05
3 0.0004589557647705078
5 7.390975952148438e-05
3 2.09808349609375e-05
- 2.276897430419922e-05
1 8.213520050048828e-05
2 5.9485435485839844e-05
9 5.543231964111328e-05
9 0.0001232624053955078
▁ 0.018157958984375
8 0.003101348876953125
8 0.00028634071350097656
8 2.765655517578125e-05
- 6.437301635742188e-05
3 0.00042819976806640625
5 7.212162017822266e-05
3 1.9550323486328125e-05
- 1.7881393432617188e-05
1 7.855892181396484e-05
2 4.3392181396484375e-05
9 3.9458274841308594e-05
9 9.989738464355469e-05
▁ 0.018157958984375
8 0.003116607666015625
8 0.00029540061950683594
8 2.586841583251953e-05
- 5.924701690673828e-05
3 0.00045609474182128906
5 7.11679458618164e-05
3 1.621246337890625e-05
- 1.5974044799804688e-05
1 7.486343383789062e-05
2 2.6941299438476562e-05
9 3.24249267578125e-05
9 8.022785186767578e-05
▁ 0.0171051025390625
8 0.0030002593994140625
8 0.00027632713317871094
8 2.2649765014648438e-05
- 6.306171417236328e-05
3 0.0004165172576904297
5 6.413459777832031e-05
3 1.5139579772949219e-05
- 1.5735626220703125e-05
1 7.367134094238281e-05
2 2.5391578674316406e-05
9 3.2901763916015625e-05
9 8.571147918701172e-05
▁ 0.0160064697265625
8 0.002910614013671875
8 0.00026798248291015625
8 2.086162567138672e-05
- 5.6743621826171875e-05
3 0.0004208087921142578
5 5.7578086853027344e-05
3 1.4066696166992188e-05
- 1.4066696166992188e-05
1 6.783008575439453e-05
2 2.1696090698242188e-05
9 2.5987625122070312e-05
9 7.82012939453125e-05
▁ 0.01476287841796875
8 0.002887725830078125
8 0.0002435445785522461
8 2.002716064453125e-05
- 5.817413330078125e-05
3 0.0004143714904785156
5 5.054473876953125e-05
3 1.3113021850585938e-05
- 1.4066696166992188e-05
1 6.949901580810547e-05
2 3.8504600524902344e-05
9 3.0279159545898438e-05
9 7.927417755126953e-05
▁ 0.014434814453125
8 0.00296783447265625
8 0.00025343894958496094
8 2.1219253540039062e-05
- 5.9485435485839844e-05
3 0.00040793418884277344
5 5.042552947998047e-05
3 1.2516975402832031e-05
- 1.430511474609375e-05
1 6.54458999633789e-05
2 2.09808349609375e-05
9 2.6464462280273438e-05
9 7.236003875732422e-05
▁ 0.0135345458984375
8 0.00275421142578125
8 0.00024056434631347656
8 1.9788742065429688e-05
- 5.4717063903808594e-05
3 0.0004138946533203125
5 5.0187110900878906e-05
3 1.2636184692382812e-05
- 1.2874603271484375e-05
1 6.61611557006836e-05
2 4.4465065002441406e-05
9 2.86102294921875e-05
9 7.18832015991211e-05
▁ 0.01366424560546875
8 0.00274658203125
8 0.00023543834686279297
8 1.9431114196777344e-05
- 4.9114227294921875e-05
3 0.0004127025604248047
5 4.9591064453125e-05
3 1.1920928955078125e-05
- 1.1920928955078125e-05
1 6.365776062011719e-05
2 3.6835670471191406e-05
9 2.849102020263672e-05
9 8.96453857421875e-05
▁ 0.01378631591796875
8 0.0025653839111328125
8 0.0002143383026123047
8 1.6927719116210938e-05
- 4.553794860839844e-05
3 0.00035858154296875
5 4.8160552978515625e-05
3 1.1086463928222656e-05
- 1.1324882507324219e-05
1 6.270408630371094e-05
2 2.288818359375e-05
9 2.3126602172851562e-05
9 6.99758529663086e-05
▁ 0.01387786865234375
8 0.0023593902587890625
8 0.0002002716064453125
8 1.5139579772949219e-05
- 4.4345855712890625e-05
3 0.00035858154296875
5 4.0531158447265625e-05
3 9.775161743164062e-06
- 1.1324882507324219e-05
1 5.984306335449219e-05
2 2.47955322265625e-05
9 1.8596649169921875e-05
9 6.23464584350586e-05
▁ 0.01306915283203125
8 0.0022220611572265625
8 0.00018537044525146484
8 1.430511474609375e-05
- 4.398822784423828e-05
3 0.0004012584686279297
5 4.458427429199219e-05
3 1.0728836059570312e-05
- 1.1920928955078125e-05
1 6.246566772460938e-05
2 1.8835067749023438e-05
9 1.8715858459472656e-05
9 6.639957427978516e-05
▁ 0.01299285888671875
8 0.0021800994873046875
8 0.00019931793212890625
8 1.5735626220703125e-05
- 4.363059997558594e-05
3 0.00035691261291503906
5 3.8504600524902344e-05
3 9.894371032714844e-06
- 1.1324882507324219e-05
1 6.008148193359375e-05
2 3.0279159545898438e-05
9 2.2172927856445312e-05
9 6.35385513305664e-05
▁ 0.01348114013671875
8 0.0021820068359375
8 0.00020074844360351562
8 1.5735626220703125e-05
- 5.0187110900878906e-05
3 0.0003609657287597656
5 3.826618194580078e-05
3 1.0251998901367188e-05
- 1.2636184692382812e-05
1 5.8650970458984375e-05
2 2.5153160095214844e-05
9 1.990795135498047e-05
9 6.282329559326172e-05
▁ 0.01268768310546875
8 0.002201080322265625
8 0.00019252300262451172
8 1.5974044799804688e-05
- 5.364418029785156e-05
3 0.0003514289855957031
5 3.981590270996094e-05
3 9.5367431640625e-06
- 1.3470649719238281e-05
1 6.127357482910156e-05
2 2.4080276489257812e-05
9 1.728534698486328e-05
9 6.687641143798828e-05
▁ 0.01194000244140625
8 0.00205230712890625
8 0.00018477439880371094
8 1.5020370483398438e-05
- 5.638599395751953e-05
3 0.0003376007080078125
5 4.410743713378906e-05
3 1.0609626770019531e-05
- 1.4662742614746094e-05
1 6.330013275146484e-05
2 2.7298927307128906e-05
9 1.7642974853515625e-05
9 7.653236389160156e-05
▁ 0.01155853271484375
8 0.002063751220703125
8 0.00019156932830810547
8 1.4901161193847656e-05
- 5.4717063903808594e-05
3 0.00041031837463378906
5 5.054473876953125e-05
3 1.1563301086425781e-05
- 1.609325408935547e-05
1 6.961822509765625e-05
2 2.765655517578125e-05
9 1.8477439880371094e-05
9 7.700920104980469e-05
<0x0A> 5.73046875
" 3.818359375
I 1.1103515625
' 1.978515625
ve 1.28125
▁lost 3.509765625
▁everything 2.474609375
," 1.404296875
▁she 0.1907958984375
▁whisper 4.6875
ed 0.0004093647003173828
, 1.7802734375
▁her 2.033203125
▁voice 1.06640625
▁bare 3.66796875
ly 0.0001556873321533203
▁aud 0.418212890625
ible 0.0005035400390625
, 3.505859375
▁her 1.84765625
▁eyes 1.0986328125
▁filled 2.046875
▁with 0.008819580078125
▁tears 0.1639404296875
. 0.09832763671875
▁" 1.2900390625
I 0.55908203125
' 0.978515625
m 0.86376953125
▁not 2.771484375
▁who 7.515625
▁I 0.01375579833984375
▁used 0.93994140625
▁to 0.0007433891296386719
▁be 0.0011568069458007812
, 2.162109375
▁and 0.308837890625
▁I 0.2427978515625
▁don 0.412109375
' 0.0029468536376953125
t 0.0002346038818359375
▁know 0.10650634765625
▁how 1.0498046875
▁to 0.2044677734375
▁find 3.076171875
▁my 0.80615234375
▁way 0.0159149169921875
▁back 0.11346435546875
." 0.2327880859375
<0x0A> 0.06805419921875
With 5.8359375
out 1.6708984375
▁hes 1.736328125
itation 0.1326904296875
, 0.030914306640625
▁I 0.207763671875
▁sat 4.78125
▁beside 2.107421875
▁her 0.0232086181640625
▁on 2.416015625
▁the 0.05694580078125
▁worn 5.984375
- 2.109375
out 0.11041259765625
▁c 0.58740234375
ouch 0.00441741943359375
, 1.908203125
▁letting 6.52734375
▁her 0.36328125
▁gr 6.34765625
ief 0.24853515625
▁and 2.685546875
▁pain 1.498046875
▁consume 3.912109375
▁the 4.5625
▁space 1.2578125
▁between 0.1329345703125
▁us 0.005146026611328125
. 0.124755859375
▁I 0.98681640625
▁gaz 8.2265625
ed 0.00582122802734375
▁into 0.62744140625
▁her 0.05279541015625
▁eyes 0.75830078125
, 0.49462890625
▁par 11.296875
al 0.316162109375
yz 0.01340484619140625
ed 0.00598907470703125
▁with 3.30859375
▁the 2.212890625
▁real 3.185546875
ization 0.00260162353515625
▁that 0.36083984375
▁even 5.421875
▁the 3.2734375
▁strong 1.880859375
est 0.01528167724609375
▁people 2.09765625
▁have 3.2578125
▁their 0.931640625
▁breaking 0.47021484375
▁points 0.646484375
. 0.2607421875
▁I 2.1640625
▁knew 1.974609375
▁that 1.5205078125
▁it 3.640625
▁was 0.46923828125
▁my 1.205078125
▁turn 1.568359375
▁to 0.017303466796875
▁be 1.2265625
▁her 2.6015625
▁pill 3.20703125
ar 0.058868408203125
▁of 0.3203125
▁support 1.8046875
. 1.4609375
<0x0A> 0.420166015625
" 1.3916015625
When 5.4140625
▁you 1.560546875
▁can 5.19140625
' 0.26611328125
t 1.6927719116210938e-05
▁look 6.05859375
▁on 2.677734375
▁the 0.01302337646484375
▁bright 0.0943603515625
▁side 0.0015268325805664062
, 0.4638671875
▁I 1.12109375
▁will 1.1826171875
▁sit 6.87109375
▁with 0.6201171875
▁you 0.00830841064453125
▁in 0.3017578125
▁the 0.2198486328125
▁dark 0.673828125
," 0.603515625
▁I 0.0099334716796875
▁said 1.3173828125
▁soft 2.310546875
ly 3.9696693420410156e-05
, 0.73681640625
▁pulling 4.99609375
▁her 0.044281005859375
▁into 0.7470703125
▁a 0.94921875
▁comfort 2.814453125
ing 0.0003707408905029297
▁em 0.5234375
brace 6.079673767089844e-06
. 0.045196533203125
<0x0A> 1.1298828125
I 1.7236328125
▁was 3.771484375
▁Emma 12.90625
' 3.013671875
s 0.0011968612670898438
▁constant 5.62890625
▁companion 1.4169921875
. 2.755859375
<0x0A> 2.6796875
As 3.21875
▁time 3.39453125
▁passed 0.329833984375
, 0.1246337890625
▁Emma 1.3974609375
' 1.244140625
s 0.0001354217529296875
▁g 5.8828125
list 5.015625
ening 0.0037555694580078125
▁eyes 0.3876953125
▁began 2.068359375
▁to 0.00820159912109375
▁reg 3.400390625
ain 0.0017223358154296875
▁their 0.202392578125
▁spark 1.234375
le 0.2188720703125
. 0.47705078125
▁She 1.0751953125
▁discovered 5.3828125
▁her 1.740234375
▁strength 3.662109375
▁lay 7.22265625
▁not 1.7275390625
▁in 0.11944580078125
▁pret 6.0234375
ending 0.0176849365234375
▁to 1.25390625
▁be 0.0672607421875
▁un 4.375
break 0.77099609375
able 0.0006804466247558594
, 0.375
▁but 0.00988006591796875
▁in 0.2081298828125
▁accepting 2.322265625
▁her 1.0673828125
▁vulner 0.90185546875
ability 0.296630859375
. 0.9267578125
▁She 1.2666015625
▁learned 1.9150390625
▁that 1.046875
▁it 1.9404296875
▁was 0.5126953125
▁okay 0.375
▁to 0.035186767578125
▁lean 3.8046875
▁on 0.038421630859375
▁others 0.81982421875
▁when 1.451171875
▁darkness 8.0390625
▁threatened 1.6376953125
▁to 0.0418701171875
▁eng 2.326171875
ulf 0.00019168853759765625
▁her 0.039764404296875
. 0.2371826171875
<0x0A> 0.71533203125
One 3.521484375
▁evening 2.93359375
, 0.09454345703125
▁a 4.46875
▁fier 7.484375
y 1.076171875
▁sun 1.5224609375
set 0.034759521484375
▁painted 2.197265625
▁the 0.1590576171875
▁sky 0.242919921875
▁with 1.4130859375
▁h 3.111328125
ues 0.0006732940673828125
▁of 0.01117706298828125
▁crim 2.978515625
son 1.1801719665527344e-05
▁and 0.30029296875
▁gold 0.65625
. 0.3662109375
▁Emma 0.826171875
▁s 6.0
ighed 0.5380859375
▁content 2.04296875
edly 0.00058746337890625
▁as 0.58154296875
▁she 0.293212890625
▁lean 5.0390625
ed 7.319450378417969e-05
▁against 0.361328125
▁me 1.640625
. 2.0234375
<0x0A> 1.236328125
" 0.0902099609375
Thank 3.1796875
▁you 0.01175689697265625
▁for 0.6474609375
▁sitting 3.453125
▁with 0.1484375
▁me 0.0005741119384765625
▁in 0.299560546875
▁the 0.05523681640625
▁dark 0.1265869140625
," 0.2060546875
▁she 0.040924072265625
▁whisper 0.5654296875
ed 2.8133392333984375e-05
▁sin 7.0
cer 0.00031638145446777344
ely 0.00021159648895263672
. 0.310791015625
▁" 0.509765625
You 1.25390625
▁gave 3.40625
▁me 0.006317138671875
▁the 0.424560546875
▁courage 0.42578125
▁to 0.07403564453125
▁face 1.6259765625
▁my 0.483642578125
▁dem 2.6171875
ons 0.0005364418029785156
▁and 0.853515625
▁redis 4.6015625
cover 1.1801719665527344e-05
▁my 0.90380859375
▁light 1.822265625
." 0.21044921875
<0x0A> 0.030670166015625
A 4.8125
▁te 2.923828125
ar 0.01378631591796875
▁wel 4.140625
led 1.2755393981933594e-05
▁in 0.94921875
▁my 0.64111328125
▁eye 0.035736083984375
, 1.7021484375
▁reflect 4.33984375
ing 0.0011882781982421875
▁the 0.209716796875
▁prof 7.75390625
ound 0.07562255859375
▁bond 4.3984375
▁that 1.4736328125
▁had 0.80029296875
▁formed 0.51171875
▁during 6.5078125
▁those 2.318359375
▁tum 4.03515625
ult 7.152557373046875e-05
uous 0.0008525848388671875
▁months 1.27734375
. 0.043182373046875
▁We 2.56640625
▁walked 4.83203125
▁hand 0.623046875
▁in 0.7666015625
▁hand 0.0007185935974121094
, 1.0234375
▁no 5.64453125
▁longer 0.024139404296875
▁afraid 0.6943359375
▁of 0.248779296875
▁the 0.2342529296875
▁sh 1.6689453125
adows 0.0009112358093261719
, 2.08203125
▁but 0.712890625
▁grateful 3.65625
▁for 0.27294921875
▁the 0.197021484375
▁less 1.78125
ons 0.0218658447265625
▁they 0.31103515625
▁taught 0.9248046875
▁us 0.2139892578125
. 0.232177734375
<0x0A> 0.1822509765625
Em 2.564453125
ma 0.01456451416015625
' 1.0703125
s 0.00011682510375976562
▁transformation 3.955078125
▁served 4.421875
▁as 0.00858306884765625
▁a 0.051025390625
▁constant 5.65625
▁rem 0.0197296142578125
inder 3.159046173095703e-05
▁that 0.353515625
▁there 4.02734375
▁is 0.2958984375
▁strength 4.08984375
▁in 0.043212890625
▁vulner 0.15478515625
ability 0.00041675567626953125
, 1.044921875
▁love 5.74609375
▁in 0.016693115234375
▁darkness 3.171875
, 0.035797119140625
▁and 0.005390167236328125
▁hope 0.453857421875
▁in 0.07080078125
▁the 1.3486328125
▁depth 3.267578125
s 0.02008056640625
▁of 0.007568359375
▁desp 0.0350341796875
air 5.602836608886719e-06
. 0.0059967041015625
▁We 2.81640625
▁no 5.86328125
▁longer 0.00016927719116210938
▁fe 0.9921875
ared 0.00013530254364013672
▁the 0.1143798828125
▁unknown 1.8193359375
, 0.3046875
▁for 2.90234375
▁we 0.236572265625
▁knew 0.83935546875
▁that 0.135009765625
▁even 2.396484375
▁in 0.53759765625
▁life 5.37109375
' 0.006649017333984375
s 4.112720489501953e-05
▁dark 0.239013671875
est 0.00502777099609375
▁moments 0.32666015625
, 0.0034389495849609375
▁we 1.1318359375
▁had 2.02734375
▁each 0.44580078125
▁other 0.0005502700805664062
. 0.5615234375
▁And 4.52734375
▁that 0.87841796875
, 1.6474609375
▁in 1.75390625
▁itself 0.392822265625
, 0.0009717941284179688
▁was 0.06463623046875
▁the 2.69921875
▁bright 1.0751953125
est 0.054595947265625
▁light 0.178466796875
▁of 0.8310546875
▁all 0.01500701904296875
. 0.01091766357421875
