▁When 10.375
▁she 13.9453125
▁lost 9.828125
▁her 2.53125
▁job 3.150390625
, 3.212890625
▁she 1.908203125
▁was 2.373046875
▁dev 5.5234375
ast 0.096923828125
ated 0.1368408203125
, 1.2646484375
▁but 3.275390625
▁she 1.1767578125
▁was 1.453125
▁still 3.33203125
▁able 3.25390625
▁to 0.1209716796875
▁find 3.318359375
▁the 2.87109375
▁silver 8.140625
▁l 1.7021484375
ining 0.166015625
. 2.005859375
<0x0A> 1.4794921875
I 3.556640625
▁decided 6.375
▁to 0.369384765625
▁surprise 8.1328125
▁her 1.3359375
▁and 2.294921875
▁find 5.48828125
▁ 8.375
8 4.3984375
8 4.46875
8 1.029296875
- 4.41796875
3 3.017578125
5 2.484375
3 1.697265625
- 0.1007080078125
1 2.8203125
2 2.2265625
9 3.001953125
9 2.42578125
▁ 4.375
8 0.6484375
8 0.14892578125
8 0.006282806396484375
- 0.0697021484375
3 0.047332763671875
5 0.007190704345703125
3 0.003787994384765625
- 0.0055389404296875
1 0.01387786865234375
2 0.0078125
9 0.0087127685546875
9 0.00571441650390625
▁ 1.5546875
8 0.06488037109375
8 0.009735107421875
8 0.0012607574462890625
- 0.0214996337890625
3 0.00946807861328125
5 0.0014781951904296875
3 0.0007872581481933594
- 0.0030727386474609375
1 0.00438690185546875
2 0.002422332763671875
9 0.0028839111328125
9 0.0030059814453125
▁ 0.461181640625
8 0.00843048095703125
8 0.0016298294067382812
8 0.0003941059112548828
- 0.007110595703125
3 0.0021038055419921875
5 0.0006313323974609375
3 0.00032639503479003906
- 0.0012903213500976562
1 0.0014972686767578125
2 0.0007829666137695312
9 0.00109100341796875
9 0.0016412734985351562
▁ 0.291015625
8 0.006572723388671875
8 0.001300811767578125
8 0.0003600120544433594
- 0.005191802978515625
3 0.0014867782592773438
5 0.0005269050598144531
3 0.00024068355560302734
- 0.0009508132934570312
1 0.0011510848999023438
2 0.0005517005920410156
9 0.0007562637329101562
9 0.0014820098876953125
▁ 0.2021484375
8 0.00383758544921875
8 0.0008072853088378906
8 0.00025343894958496094
- 0.0036678314208984375
3 0.0010671615600585938
5 0.0004303455352783203
3 0.00017714500427246094
- 0.0006585121154785156
1 0.0007238388061523438
2 0.00038504600524902344
9 0.0005474090576171875
9 0.0010538101196289062
▁ 0.1903076171875
8 0.0028438568115234375
8 0.00061798095703125
8 0.0001990795135498047
- 0.0026397705078125
3 0.0008692741394042969
5 0.00035119056701660156
3 0.00013244152069091797
- 0.00044608116149902344
1 0.0005707740783691406
2 0.0003185272216796875
9 0.00043010711669921875
9 0.0007486343383789062
▁ 0.17529296875
8 0.0022945404052734375
8 0.0005230903625488281
8 0.00016939640045166016
- 0.0021457672119140625
3 0.0007038116455078125
5 0.0002827644348144531
3 0.00010752677917480469
- 0.00033736228942871094
1 0.0004227161407470703
2 0.0002582073211669922
9 0.0003209114074707031
9 0.0006365776062011719
▁ 0.15625
8 0.002170562744140625
8 0.0005931854248046875
8 0.0001690387725830078
- 0.0018262863159179688
3 0.0006246566772460938
5 0.00028252601623535156
3 0.00010347366333007812
- 0.0002689361572265625
1 0.00041222572326660156
2 0.0002551078796386719
9 0.0002751350402832031
9 0.0005326271057128906
▁ 0.1270751953125
8 0.0019283294677734375
8 0.0005373954772949219
8 0.00015997886657714844
- 0.0016660690307617188
3 0.0005478858947753906
5 0.0002720355987548828
3 9.882450103759766e-05
- 0.0002474784851074219
1 0.0004088878631591797
2 0.0002617835998535156
9 0.0002598762512207031
9 0.0005192756652832031
▁ 0.1044921875
8 0.0018482208251953125
8 0.0005412101745605469
8 0.00017213821411132812
- 0.0017728805541992188
3 0.0005421638488769531
5 0.0002772808074951172
3 0.000102996826171875
- 0.0002548694610595703
1 0.00040078163146972656
2 0.00027060508728027344
9 0.0002410411834716797
9 0.00046753883361816406
▁ 0.09185791015625
8 0.0016965866088867188
8 0.0004801750183105469
8 0.00016438961029052734
- 0.0016164779663085938
3 0.0004925727844238281
5 0.0002593994140625
3 8.749961853027344e-05
- 0.00023865699768066406
1 0.0003459453582763672
2 0.0002384185791015625
9 0.00021195411682128906
9 0.00038695335388183594
▁ 0.07843017578125
8 0.0015382766723632812
8 0.0004534721374511719
8 0.00015807151794433594
- 0.0016384124755859375
3 0.0004227161407470703
5 0.00024247169494628906
3 8.058547973632812e-05
- 0.00022900104522705078
1 0.0003032684326171875
2 0.0002205371856689453
9 0.00020551681518554688
9 0.00036144256591796875
▁ 0.07489013671875
8 0.0014247894287109375
8 0.00044035911560058594
8 0.0001571178436279297
- 0.0015687942504882812
3 0.0004150867462158203
5 0.0002187490463256836
3 7.486343383789062e-05
- 0.00019609928131103516
1 0.0002722740173339844
2 0.0002167224884033203
9 0.00020051002502441406
9 0.0003516674041748047
▁ 0.07196044921875
8 0.0014200210571289062
8 0.0004189014434814453
8 0.000148773193359375
- 0.0013875961303710938
3 0.0004515647888183594
5 0.00023090839385986328
3 6.99758529663086e-05
- 0.00016415119171142578
1 0.0002646446228027344
2 0.0002014636993408203
9 0.00019562244415283203
9 0.0003173351287841797
▁ 0.06597900390625
8 0.0015077590942382812
8 0.0003714561462402344
8 0.00012671947479248047
- 0.0010814666748046875
3 0.0003733634948730469
5 0.00021147727966308594
3 6.473064422607422e-05
- 0.00014472007751464844
1 0.00023293495178222656
2 0.00016987323760986328
9 0.0001785755157470703
9 0.000293731689453125
▁ 0.057830810546875
8 0.0013990402221679688
8 0.0003552436828613281
8 0.00012087821960449219
- 0.0009908676147460938
3 0.0003504753112792969
5 0.00020611286163330078
3 6.449222564697266e-05
- 0.00012743473052978516
1 0.00023543834686279297
2 0.00016891956329345703
9 0.00016117095947265625
9 0.0002665519714355469
▁ 0.04833984375
8 0.0011692047119140625
8 0.0002925395965576172
8 0.0001074075698852539
- 0.000843048095703125
3 0.0003552436828613281
5 0.00021219253540039062
3 6.306171417236328e-05
- 0.00011420249938964844
1 0.0002256631851196289
2 0.00015938282012939453
9 0.0001436471939086914
9 0.00023818016052246094
▁ 0.04339599609375
8 0.0011396408081054688
8 0.00027489662170410156
8 0.00010991096496582031
- 0.0008440017700195312
3 0.00033974647521972656
5 0.00020039081573486328
3 6.008148193359375e-05
- 0.00010788440704345703
1 0.00022161006927490234
2 0.00015223026275634766
9 0.00013518333435058594
9 0.00022542476654052734
▁ 0.04315185546875
8 0.0010013580322265625
8 0.00024509429931640625
8 9.894371032714844e-05
- 0.0007429122924804688
3 0.0003216266632080078
5 0.0001932382583618164
3 5.7816505432128906e-05
- 0.00010192394256591797
1 0.0002065896987915039
2 0.00014317035675048828
9 0.0001379251480102539
9 0.0002123117446899414
▁ 0.043121337890625
8 0.0010671615600585938
8 0.00024044513702392578
8 9.453296661376953e-05
- 0.0007123947143554688
3 0.0003154277801513672
5 0.00020313262939453125
3 5.6743621826171875e-05
- 9.918212890625e-05
1 0.0002086162567138672
2 0.00014710426330566406
9 0.00014531612396240234
9 0.00022602081298828125
▁ 0.043121337890625
8 0.0010557174682617188
8 0.00022304058074951172
8 8.881092071533203e-05
- 0.0006995201110839844
3 0.0003070831298828125
5 0.000194549560546875
3 5.6862831115722656e-05
- 9.644031524658203e-05
1 0.00019991397857666016
2 0.00014483928680419922
9 0.00013434886932373047
9 0.00021183490753173828
▁ 0.041259765625
8 0.0010042190551757812
8 0.0002117156982421875
8 8.761882781982422e-05
- 0.0006642341613769531
3 0.0002956390380859375
5 0.00019443035125732422
3 5.614757537841797e-05
- 9.262561798095703e-05
1 0.00020229816436767578
2 0.00014507770538330078
9 0.00012373924255371094
9 0.00020051002502441406
▁ 0.039306640625
8 0.0008935928344726562
8 0.00019443035125732422
8 8.20159912109375e-05
- 0.0006194114685058594
3 0.00030231475830078125
5 0.000202178955078125
3 5.53131103515625e-05
- 8.654594421386719e-05
1 0.00020432472229003906
2 0.00014102458953857422
9 0.00012135505676269531
9 0.00020170211791992188
▁ 0.037689208984375
8 0.0008554458618164062
8 0.00018787384033203125
8 8.33272933959961e-05
- 0.0005888938903808594
3 0.00028777122497558594
5 0.0001919269561767578
3 5.412101745605469e-05
- 7.987022399902344e-05
1 0.00020766258239746094
2 0.00014531612396240234
9 0.00011920928955078125
9 0.0001958608627319336
▁ 0.0350341796875
8 0.0008192062377929688
8 0.00017189979553222656
8 7.510185241699219e-05
- 0.0005178451538085938
3 0.00031828880310058594
5 0.00019311904907226562
3 4.863739013671875e-05
- 7.18832015991211e-05
1 0.00018477439880371094
2 0.00012814998626708984
9 0.00010788440704345703
9 0.00018286705017089844
▁ 0.031951904296875
8 0.0008635520935058594
8 0.00016641616821289062
8 6.818771362304688e-05
- 0.0004475116729736328
3 0.00026726722717285156
5 0.00018668174743652344
3 4.5299530029296875e-05
- 6.651878356933594e-05
1 0.0001704692840576172
2 0.00012183189392089844
9 0.00010395050048828125
9 0.00018024444580078125
▁ 0.0301055908203125
8 0.0007910728454589844
8 0.00014901161193847656
8 5.936622619628906e-05
- 0.0004093647003173828
3 0.0002467632293701172
5 0.00016808509826660156
3 4.363059997558594e-05
- 6.0558319091796875e-05
1 0.00015997886657714844
2 0.00011610984802246094
9 9.608268737792969e-05
9 0.0001741647720336914
▁ 0.028900146484375
8 0.0007581710815429688
8 0.0001405477523803711
8 5.5789947509765625e-05
- 0.00036835670471191406
3 0.00023293495178222656
5 0.0001703500747680664
3 4.303455352783203e-05
- 5.698204040527344e-05
1 0.0001646280288696289
2 0.00011861324310302734
9 9.465217590332031e-05
9 0.00017368793487548828
▁ 0.0271148681640625
8 0.0007791519165039062
8 0.00013136863708496094
8 5.054473876953125e-05
- 0.00035119056701660156
3 0.00023305416107177734
5 0.0001666545867919922
3 4.208087921142578e-05
- 5.698204040527344e-05
1 0.00016820430755615234
2 0.00011444091796875
9 9.47713851928711e-05
9 0.00017404556274414062
▁ 0.02874755859375
8 0.0007834434509277344
8 0.00013446807861328125
8 4.839897155761719e-05
- 0.00033092498779296875
3 0.00022101402282714844
5 0.00016796588897705078
3 4.208087921142578e-05
- 5.829334259033203e-05
1 0.00017595291137695312
2 0.00011551380157470703
9 9.763240814208984e-05
9 0.00016748905181884766
▁ 0.0247344970703125
8 0.0007691383361816406
8 0.00012826919555664062
8 4.6253204345703125e-05
- 0.0003266334533691406
3 0.0002391338348388672
5 0.00017333030700683594
3 4.1365623474121094e-05
- 5.733966827392578e-05
1 0.00017762184143066406
2 0.0001131296157836914
9 9.763240814208984e-05
9 0.00017762184143066406
▁ 0.0238494873046875
8 0.0007691383361816406
8 0.0001302957534790039
8 4.506111145019531e-05
- 0.0003178119659423828
3 0.0002288818359375
5 0.0001652240753173828
3 4.0411949157714844e-05
- 5.614757537841797e-05
1 0.00017011165618896484
2 0.00011074542999267578
9 9.846687316894531e-05
9 0.00017774105072021484
▁ 0.0220184326171875
8 0.0007457733154296875
8 0.00012004375457763672
8 4.017353057861328e-05
- 0.0003039836883544922
3 0.00022733211517333984
5 0.0001659393310546875
3 4.124641418457031e-05
- 5.424022674560547e-05
1 0.00017499923706054688
2 0.00010800361633300781
9 0.0001010894775390625
9 0.0001761913299560547
▁ 0.0224609375
8 0.000759124755859375
8 0.0001150369644165039
8 3.731250762939453e-05
- 0.0002834796905517578
3 0.0002219676971435547
5 0.00016641616821289062
3 4.184246063232422e-05
- 5.257129669189453e-05
1 0.00017189979553222656
2 0.00010633468627929688
9 0.00010406970977783203
9 0.00018644332885742188
▁ 0.0224761962890625
8 0.0007882118225097656
8 0.00011324882507324219
8 3.62396240234375e-05
- 0.00027561187744140625
3 0.00023066997528076172
5 0.00016319751739501953
3 4.279613494873047e-05
- 5.054473876953125e-05
1 0.00017511844635009766
2 0.00010561943054199219
9 0.00010418891906738281
9 0.00019073486328125
▁ 0.022247314453125
8 0.0007853507995605469
8 0.00011110305786132812
8 3.516674041748047e-05
- 0.00027298927307128906
3 0.0002435445785522461
5 0.00016224384307861328
3 4.410743713378906e-05
- 5.269050598144531e-05
1 0.00017201900482177734
2 0.00010859966278076172
9 0.00010585784912109375
9 0.00019550323486328125
▁ 0.0222015380859375
8 0.0008034706115722656
8 0.00011277198791503906
8 3.552436828613281e-05
- 0.00025653839111328125
3 0.00024402141571044922
5 0.00016701221466064453
3 4.506111145019531e-05
- 5.3048133850097656e-05
1 0.00017440319061279297
2 0.00011038780212402344
9 0.00010824203491210938
9 0.00020182132720947266
▁ 0.0231781005859375
8 0.0008177757263183594
8 0.00011336803436279297
8 3.516674041748047e-05
- 0.0002543926239013672
3 0.00025963783264160156
5 0.00016391277313232422
3 4.7087669372558594e-05
- 4.971027374267578e-05
1 0.0001747608184814453
2 0.00011014938354492188
9 0.00011360645294189453
9 0.00020682811737060547
▁ 0.0229339599609375
8 0.0008339881896972656
8 0.00011646747589111328
8 3.445148468017578e-05
- 0.00023853778839111328
3 0.0002732276916503906
5 0.00017559528350830078
3 4.947185516357422e-05
- 4.8160552978515625e-05
1 0.0001850128173828125
2 0.00011491775512695312
9 0.00011718273162841797
9 0.0002124309539794922
▁ 0.0220794677734375
8 0.0008726119995117188
8 0.00011599063873291016
8 3.3020973205566406e-05
- 0.00022792816162109375
3 0.00027489662170410156
5 0.00017154216766357422
3 4.9591064453125e-05
- 4.696846008300781e-05
1 0.00018835067749023438
2 0.00011372566223144531
9 0.00012052059173583984
9 0.00021636486053466797
▁ 0.0215301513671875
8 0.0008530616760253906
8 0.00011718273162841797
8 3.2901763916015625e-05
- 0.00022721290588378906
3 0.0002818107604980469
5 0.00018084049224853516
3 5.459785461425781e-05
- 4.6253204345703125e-05
1 0.00020456314086914062
2 0.00011801719665527344
9 0.0001220703125
9 0.00021374225616455078
▁ 0.020721435546875
8 0.0008320808410644531
8 0.00011861324310302734
8 3.325939178466797e-05
- 0.00021719932556152344
3 0.0002827644348144531
5 0.0001804828643798828
3 5.4717063903808594e-05
- 4.6253204345703125e-05
1 0.0002079010009765625
2 0.00012314319610595703
9 0.0001266002655029297
9 0.00022161006927490234
▁ 0.020355224609375
8 0.0008187294006347656
8 0.0001251697540283203
8 3.337860107421875e-05
- 0.00021564960479736328
3 0.0002944469451904297
5 0.00017726421356201172
3 5.435943603515625e-05
- 4.6133995056152344e-05
1 0.00020611286163330078
2 0.00011909008026123047
9 0.00012862682342529297
9 0.00021755695343017578
▁ 0.0213775634765625
8 0.0008044242858886719
8 0.00011992454528808594
8 3.2782554626464844e-05
- 0.0002086162567138672
3 0.0002815723419189453
5 0.00017690658569335938
3 5.245208740234375e-05
- 4.673004150390625e-05
1 0.00020122528076171875
2 0.00012111663818359375
9 0.0001323223114013672
9 0.0002200603485107422
▁ 0.0221405029296875
8 0.0008306503295898438
8 0.00011944770812988281
8 3.123283386230469e-05
- 0.00020456314086914062
3 0.00027942657470703125
5 0.00017726421356201172
3 5.1140785217285156e-05
- 4.6133995056152344e-05
1 0.00020253658294677734
2 0.00012183189392089844
9 0.00013506412506103516
9 0.00022876262664794922
▁ 0.021392822265625
8 0.0008182525634765625
8 0.00011515617370605469
8 2.9802322387695312e-05
- 0.00019741058349609375
3 0.00026106834411621094
5 0.00016629695892333984
3 4.935264587402344e-05
- 4.6133995056152344e-05
1 0.00020051002502441406
2 0.0001227855682373047
9 0.0001322031021118164
9 0.00022280216217041016
▁ 0.0202789306640625
8 0.0007982254028320312
8 0.00010788440704345703
8 2.753734588623047e-05
- 0.00019752979278564453
3 0.0002582073211669922
5 0.00016701221466064453
3 5.0902366638183594e-05
- 4.6253204345703125e-05
1 0.00020563602447509766
2 0.00012040138244628906
9 0.00013339519500732422
9 0.00022411346435546875
▁ 0.0201263427734375
8 0.0007781982421875
8 0.00010645389556884766
8 2.8014183044433594e-05
- 0.00018990039825439453
3 0.0002484321594238281
5 0.00015926361083984375
3 5.0902366638183594e-05
- 4.6253204345703125e-05
1 0.00021004676818847656
2 0.00012540817260742188
9 0.00013113021850585938
9 0.00022149085998535156
▁ 0.019683837890625
8 0.0007843971252441406
8 0.00010752677917480469
8 2.8133392333984375e-05
- 0.00018513202667236328
3 0.0002682209014892578
5 0.00015783309936523438
3 4.947185516357422e-05
- 4.470348358154297e-05
1 0.00021767616271972656
2 0.0001233816146850586
9 0.00013363361358642578
9 0.00022017955780029297
▁ 0.0183563232421875
8 0.0007190704345703125
8 0.00010228157043457031
8 2.7894973754882812e-05
- 0.00017321109771728516
3 0.0002646446228027344
5 0.00015401840209960938
3 4.839897155761719e-05
- 4.3392181396484375e-05
1 0.00021147727966308594
2 0.000125885009765625
9 0.00013017654418945312
9 0.0002142190933227539
<0x0A> 4.94921875
" 5.66015625
I 1.7021484375
' 2.298828125
ve 1.3251953125
▁lost 4.7265625
▁everything 3.955078125
," 3.150390625
▁she 1.1552734375
▁whisper 4.39453125
ed 0.0017004013061523438
, 1.572265625
▁her 1.79296875
▁voice 0.79931640625
▁bare 2.826171875
ly 0.0003662109375
▁aud 0.990234375
ible 0.0007576942443847656
, 2.345703125
▁her 2.08203125
▁eyes 1.302734375
▁filled 2.849609375
▁with 0.01251220703125
▁tears 0.58154296875
. 0.320556640625
▁" 0.57666015625
I 0.7939453125
' 0.828125
m 1.4296875
▁not 3.09765625
▁who 4.37109375
▁I 0.2308349609375
▁used 0.49462890625
▁to 0.005401611328125
▁be 0.0036296844482421875
, 2.083984375
▁and 0.72265625
▁I 0.3759765625
▁don 1.21875
' 0.0008058547973632812
t 0.0007967948913574219
▁know 0.6337890625
▁how 2.34375
▁to 0.76416015625
▁find 3.49609375
▁my 1.1015625
▁way 0.166259765625
▁back 0.394287109375
." 0.7919921875
<0x0A> 0.3349609375
With 5.62890625
out 1.7724609375
▁hes 2.150390625
itation 0.1204833984375
, 0.08563232421875
▁I 0.48291015625
▁sat 5.36328125
▁beside 2.6640625
▁her 0.06878662109375
▁on 1.1083984375
▁the 0.08184814453125
▁worn 8.1015625
- 3.373046875
out 0.3798828125
▁c 0.7783203125
ouch 0.005390167236328125
, 1.4248046875
▁letting 5.73828125
▁her 0.2939453125
▁gr 6.8125
ief 0.99658203125
▁and 2.84765625
▁pain 1.6201171875
▁consume 4.8515625
▁the 6.47265625
▁space 1.6259765625
▁between 0.8076171875
▁us 0.0250396728515625
. 0.1883544921875
▁I 1.298828125
▁gaz 7.97265625
ed 0.002838134765625
▁into 0.79150390625
▁her 0.12255859375
▁eyes 0.427978515625
, 0.640625
▁par 10.65625
al 0.358154296875
yz 0.0029850006103515625
ed 0.0096893310546875
▁with 1.8154296875
▁the 2.177734375
▁real 1.8310546875
ization 0.0032482147216796875
▁that 0.3427734375
▁even 5.38671875
▁the 3.4296875
▁strong 3.8671875
est 0.01861572265625
▁people 2.478515625
▁have 2.826171875
▁their 1.6279296875
▁breaking 2.244140625
▁points 0.1295166015625
. 0.384765625
▁I 1.935546875
▁knew 2.5078125
▁that 1.591796875
▁it 3.763671875
▁was 0.6044921875
▁my 1.671875
▁turn 1.28125
▁to 0.55078125
▁be 2.40625
▁her 4.85546875
▁pill 4.67578125
ar 0.6455078125
▁of 0.31005859375
▁support 0.94873046875
. 1.10546875
<0x0A> 0.56201171875
" 0.86767578125
When 4.9296875
▁you 1.7001953125
▁can 4.90625
' 0.7568359375
t 7.605552673339844e-05
▁look 5.140625
▁on 5.20703125
▁the 0.5068359375
▁bright 0.121826171875
▁side 0.002956390380859375
, 1.24609375
▁I 2.390625
▁will 3.28515625
▁sit 7.046875
▁with 0.87158203125
▁you 0.0270843505859375
▁in 3.736328125
▁the 1.3271484375
▁dark 0.314208984375
," 0.77978515625
▁I 0.019927978515625
▁said 1.056640625
▁soft 2.58203125
ly 0.0001380443572998047
, 1.2939453125
▁pulling 4.86328125
▁her 0.26953125
▁into 0.95751953125
▁a 1.5009765625
▁comfort 4.65234375
ing 0.003986358642578125
▁em 0.368896484375
brace 7.510185241699219e-05
. 0.080078125
<0x0A> 1.015625
I 2.3203125
▁was 3.115234375
▁Emma 13.421875
' 0.7431640625
s 0.0013608932495117188
▁constant 5.6953125
▁companion 0.493408203125
. 2.421875
<0x0A> 2.404296875
As 3.658203125
▁time 2.923828125
▁passed 0.6767578125
, 0.1522216796875
▁Emma 2.095703125
' 1.314453125
s 0.0007281303405761719
▁g 7.265625
list 7.66015625
ening 0.0013380050659179688
▁eyes 0.80810546875
▁began 2.6484375
▁to 0.044891357421875
▁reg 6.53125
ain 0.01593017578125
▁their 0.30126953125
▁spark 2.6796875
le 0.0916748046875
. 0.5185546875
▁She 1.1640625
▁discovered 6.140625
▁her 2.728515625
▁strength 3.396484375
▁lay 9.8671875
▁not 1.771484375
▁in 0.10552978515625
▁pret 7.26953125
ending 0.0653076171875
▁to 0.49462890625
▁be 0.09075927734375
▁un 6.59765625
break 2.888671875
able 0.00040411949157714844
, 0.249267578125
▁but 0.0340576171875
▁in 0.1732177734375
▁accepting 2.759765625
▁her 1.3408203125
▁vulner 3.08203125
ability 0.447998046875
. 1.0478515625
▁She 1.1533203125
▁learned 2.19921875
▁that 0.97265625
▁it 2.48046875
▁was 0.74169921875
▁okay 0.75830078125
▁to 0.06829833984375
▁lean 4.5546875
▁on 0.09625244140625
▁others 1.017578125
▁when 3.208984375
▁darkness 8.9453125
▁threatened 2.244140625
▁to 0.1343994140625
▁eng 2.818359375
ulf 0.00040149688720703125
▁her 0.054840087890625
. 0.32080078125
<0x0A> 1.1806640625
One 4.39453125
▁evening 3.087890625
, 0.1864013671875
▁a 3.8203125
▁fier 7.87109375
y 1.2783203125
▁sun 2.775390625
set 0.396240234375
▁painted 4.1640625
▁the 0.25927734375
▁sky 0.65380859375
▁with 1.7509765625
▁h 3.84375
ues 0.006763458251953125
▁of 0.0960693359375
▁crim 2.775390625
son 1.2755393981933594e-05
▁and 0.74560546875
▁gold 1.2177734375
. 0.5126953125
▁Emma 1.4794921875
▁s 5.35546875
ighed 1.005859375
▁content 2.97265625
edly 0.05084228515625
▁as 0.93896484375
▁she 0.458984375
▁lean 3.537109375
ed 4.8279762268066406e-05
▁against 1.1279296875
▁me 1.3740234375
. 1.267578125
<0x0A> 0.97705078125
" 0.12445068359375
Thank 2.794921875
▁you 0.0347900390625
▁for 0.72607421875
▁sitting 3.779296875
▁with 0.283203125
▁me 0.00389862060546875
▁in 1.70703125
▁the 0.065673828125
▁dark 0.1431884765625
," 0.397216796875
▁she 0.08795166015625
▁whisper 0.73046875
ed 8.177757263183594e-05
▁sin 7.52734375
cer 0.0007147789001464844
ely 0.0005402565002441406
. 0.2041015625
▁" 0.7861328125
You 1.5556640625
▁gave 3.078125
▁me 0.0309906005859375
▁the 1.2197265625
▁courage 1.62890625
▁to 0.07470703125
▁face 1.6640625
▁my 0.474609375
▁dem 2.46875
ons 0.0004954338073730469
▁and 1.7138671875
▁redis 5.52734375
cover 0.00016307830810546875
▁my 0.60400390625
▁light 2.533203125
." 0.1326904296875
<0x0A> 0.0204925537109375
A 3.921875
▁te 4.96875
ar 0.0282135009765625
▁wel 5.06640625
led 0.0003399848937988281
▁in 1.5263671875
▁my 0.7939453125
▁eye 0.231201171875
, 2.181640625
▁reflect 4.9921875
ing 0.0018701553344726562
▁the 0.464599609375
▁prof 7.921875
ound 0.04437255859375
▁bond 3.158203125
▁that 1.6298828125
▁had 1.4404296875
▁formed 1.5322265625
▁during 4.91015625
▁those 1.6337890625
▁tum 4.0859375
ult 0.00012135505676269531
uous 0.0006318092346191406
▁months 1.296875
. 0.1435546875
▁We 3.69140625
▁walked 5.26953125
▁hand 1.61328125
▁in 0.53125
▁hand 0.0015630722045898438
, 1.6005859375
▁no 6.08984375
▁longer 0.163818359375
▁afraid 1.8974609375
▁of 1.0126953125
▁the 0.59814453125
▁sh 4.03125
adows 0.0115966796875
, 2.111328125
▁but 1.1298828125
▁grateful 4.5
▁for 0.385009765625
▁the 0.2734375
▁less 6.421875
ons 0.0758056640625
▁they 3.017578125
▁taught 0.69287109375
▁us 0.3193359375
. 0.1866455078125
<0x0A> 0.26611328125
Em 2.75390625
ma 0.00719451904296875
' 1.5078125
s 0.0008091926574707031
▁transformation 4.37890625
▁served 6.9609375
▁as 0.0208740234375
▁a 0.387451171875
▁constant 4.91015625
▁rem 0.05438232421875
inder 0.0003864765167236328
▁that 0.9794921875
▁there 3.203125
▁is 0.48828125
▁strength 3.669921875
▁in 0.123046875
▁vulner 0.6640625
ability 0.002185821533203125
, 1.8515625
▁love 4.13671875
▁in 0.1309814453125
▁darkness 3.93359375
, 0.05084228515625
▁and 0.0997314453125
▁hope 1.107421875
▁in 0.1273193359375
▁the 0.82373046875
▁depth 4.3359375
s 0.05682373046875
▁of 0.01100921630859375
▁desp 0.043914794921875
air 0.00010752677917480469
. 0.00824737548828125
▁We 3.458984375
▁no 6.64453125
▁longer 0.0018768310546875
▁fe 2.7734375
ared 0.0014362335205078125
▁the 0.60498046875
▁unknown 1.8359375
, 0.642578125
▁for 2.501953125
▁we 0.429931640625
▁knew 1.7451171875
▁that 0.52978515625
▁even 4.7578125
▁in 1.5205078125
▁life 7.10546875
' 0.0099945068359375
s 0.0005335807800292969
▁dark 0.55224609375
est 0.039306640625
▁moments 1.0791015625
, 0.05609130859375
▁we 1.5546875
▁had 2.1796875
▁each 1.044921875
▁other 0.00531768798828125
. 0.37353515625
▁And 3.9453125
▁that 1.5849609375
, 2.4375
▁in 1.6279296875
▁itself 3.23046875
, 0.02166748046875
▁was 0.4189453125
▁the 1.8623046875
▁bright 3.99609375
est 0.1588134765625
▁light 0.61181640625
▁of 0.732421875
▁all 0.059417724609375
. 0.01470184326171875
