▁Several 10.375
▁high 11.4296875
▁te 7.4609375
ch 1.546875
▁gi 9.390625
ants 2.28515625
▁have 7.82421875
▁come 5.52734375
▁together 6.6015625
▁to 3.6328125
▁announ 8.046875
ce 0.0286407470703125
▁the 1.951171875
▁release 4.82421875
▁of 0.49951171875
▁a 2.576171875
▁new 2.234375
▁technology 6.51171875
. 2.388671875
▁The 2.37890625
▁technology 4.14453125
▁is 1.37890625
▁ 5.34375
8 3.26171875
8 3.33203125
8 2.041015625
- 4.22265625
2 2.82421875
8 2.697265625
2 2.015625
- 0.74853515625
0 2.54296875
4 2.408203125
7 2.642578125
6 2.33984375
▁ 2.828125
8 0.5126953125
8 0.1490478515625
8 0.0167236328125
- 0.0745849609375
2 0.155517578125
8 0.0290069580078125
2 0.01158905029296875
- 0.01318359375
0 0.05914306640625
4 0.0118560791015625
7 0.017852783203125
6 0.0175018310546875
▁ 1.1591796875
8 0.0557861328125
8 0.0156402587890625
8 0.0018177032470703125
- 0.01222991943359375
2 0.0190582275390625
8 0.003047943115234375
2 0.0025653839111328125
- 0.004543304443359375
0 0.01012420654296875
4 0.0023651123046875
7 0.0033721923828125
6 0.0031681060791015625
▁ 0.40771484375
8 0.01261138916015625
8 0.00372314453125
8 0.0006222724914550781
- 0.006702423095703125
2 0.005924224853515625
8 0.0007829666137695312
2 0.001155853271484375
- 0.002544403076171875
0 0.0044403076171875
4 0.0012121200561523438
7 0.0012865066528320312
6 0.001636505126953125
▁ 0.3173828125
8 0.01013946533203125
8 0.0026454925537109375
8 0.0005097389221191406
- 0.00611114501953125
2 0.00434112548828125
8 0.0005021095275878906
2 0.000995635986328125
- 0.002292633056640625
0 0.003429412841796875
4 0.0010623931884765625
7 0.0008754730224609375
6 0.0014495849609375
▁ 0.280517578125
8 0.007801055908203125
8 0.0017299652099609375
8 0.0003383159637451172
- 0.0052490234375
2 0.00360107421875
8 0.0003879070281982422
2 0.0007696151733398438
- 0.00171661376953125
0 0.0028743743896484375
4 0.0010366439819335938
7 0.0006628036499023438
6 0.0013208389282226562
▁ 0.240966796875
8 0.005680084228515625
8 0.0012569427490234375
8 0.00024139881134033203
- 0.004199981689453125
2 0.0028171539306640625
8 0.0002541542053222656
2 0.0005655288696289062
- 0.0012493133544921875
0 0.002132415771484375
4 0.0009284019470214844
7 0.0005536079406738281
6 0.0010585784912109375
▁ 0.1839599609375
8 0.004062652587890625
8 0.0008668899536132812
8 0.00017154216766357422
- 0.003124237060546875
2 0.001964569091796875
8 0.00018203258514404297
2 0.00040602684020996094
- 0.00089263916015625
0 0.0015611648559570312
4 0.0007691383361816406
7 0.00041747093200683594
6 0.0009098052978515625
▁ 0.1441650390625
8 0.00354766845703125
8 0.0007658004760742188
8 0.00015425682067871094
- 0.0025386810302734375
2 0.001697540283203125
8 0.00011706352233886719
2 0.0003256797790527344
- 0.0007061958312988281
0 0.0013217926025390625
4 0.0007600784301757812
7 0.00041365623474121094
6 0.0008702278137207031
▁ 0.12109375
8 0.0027637481689453125
8 0.0007081031799316406
8 0.0001430511474609375
- 0.0022602081298828125
2 0.0015239715576171875
8 0.00011110305786132812
2 0.0003399848937988281
- 0.0006356239318847656
0 0.0013141632080078125
4 0.0007185935974121094
7 0.0003859996795654297
6 0.000946044921875
▁ 0.10498046875
8 0.0023441314697265625
8 0.0006232261657714844
8 0.00014662742614746094
- 0.002246856689453125
2 0.0014095306396484375
8 9.632110595703125e-05
2 0.00032520294189453125
- 0.0006203651428222656
0 0.001132965087890625
4 0.0006694793701171875
7 0.0003380775451660156
6 0.0009560585021972656
▁ 0.08892822265625
8 0.0019397735595703125
8 0.0005025863647460938
8 0.00012195110321044922
- 0.0018606185913085938
2 0.001201629638671875
8 7.462501525878906e-05
2 0.00027441978454589844
- 0.0005197525024414062
0 0.0010585784912109375
4 0.0005526542663574219
7 0.0002636909484863281
6 0.0008935928344726562
▁ 0.0797119140625
8 0.001708984375
8 0.0004570484161376953
8 0.00011599063873291016
- 0.0018815994262695312
2 0.0011157989501953125
8 8.034706115722656e-05
2 0.0002734661102294922
- 0.0005135536193847656
0 0.0010623931884765625
4 0.0005578994750976562
7 0.0002772808074951172
6 0.0009374618530273438
▁ 0.0732421875
8 0.0015439987182617188
8 0.00041961669921875
8 0.0001093149185180664
- 0.0017871856689453125
2 0.0011129379272460938
8 8.022785186767578e-05
2 0.0002422332763671875
- 0.00044536590576171875
0 0.0009398460388183594
4 0.0005435943603515625
7 0.0002484321594238281
6 0.0008463859558105469
▁ 0.06268310546875
8 0.0013341903686523438
8 0.0003597736358642578
8 9.02414321899414e-05
- 0.0014324188232421875
2 0.0010776519775390625
8 6.783008575439453e-05
2 0.0002048015594482422
- 0.0003464221954345703
0 0.0009479522705078125
4 0.0005164146423339844
7 0.000240325927734375
6 0.0007944107055664062
▁ 0.055145263671875
8 0.0012235641479492188
8 0.0003235340118408203
8 7.736682891845703e-05
- 0.001155853271484375
2 0.0009050369262695312
8 5.519390106201172e-05
2 0.0001647472381591797
- 0.00031065940856933594
0 0.0007791519165039062
4 0.0004222393035888672
7 0.0002257823944091797
6 0.0006837844848632812
▁ 0.053314208984375
8 0.001239776611328125
8 0.0002918243408203125
8 6.902217864990234e-05
- 0.00109100341796875
2 0.0008101463317871094
8 4.8160552978515625e-05
2 0.0001647472381591797
- 0.00029659271240234375
0 0.0007534027099609375
4 0.00042939186096191406
7 0.00023257732391357422
6 0.0006070137023925781
▁ 0.043060302734375
8 0.0011272430419921875
8 0.0002608299255371094
8 6.568431854248047e-05
- 0.0009860992431640625
2 0.0008683204650878906
8 4.8995018005371094e-05
2 0.00015103816986083984
- 0.00027823448181152344
0 0.0007004737854003906
4 0.00043511390686035156
7 0.00023221969604492188
6 0.0005922317504882812
▁ 0.04052734375
8 0.0010356903076171875
8 0.0002446174621582031
8 6.079673767089844e-05
- 0.0009975433349609375
2 0.0007753372192382812
8 5.0187110900878906e-05
2 0.00013899803161621094
- 0.0002536773681640625
0 0.0006818771362304688
4 0.0004131793975830078
7 0.00020396709442138672
6 0.0005602836608886719
▁ 0.0377197265625
8 0.0008697509765625
8 0.0002224445343017578
8 5.793571472167969e-05
- 0.0009098052978515625
2 0.000774383544921875
8 4.172325134277344e-05
2 0.00011718273162841797
- 0.00023996829986572266
0 0.0005960464477539062
4 0.0004088878631591797
7 0.00020015239715576172
6 0.0005574226379394531
▁ 0.039459228515625
8 0.0008559226989746094
8 0.0002090930938720703
8 5.054473876953125e-05
- 0.000858306884765625
2 0.0007081031799316406
8 3.933906555175781e-05
2 0.00010848045349121094
- 0.0002281665802001953
0 0.0005621910095214844
4 0.0003790855407714844
7 0.00019991397857666016
6 0.0005545616149902344
▁ 0.039581298828125
8 0.0009093284606933594
8 0.00020134449005126953
8 4.76837158203125e-05
- 0.0008058547973632812
2 0.0006670951843261719
8 3.325939178466797e-05
2 9.202957153320312e-05
- 0.00020682811737060547
0 0.00049591064453125
4 0.00034236907958984375
7 0.00018310546875
6 0.0004851818084716797
▁ 0.034454345703125
8 0.0008516311645507812
8 0.00017261505126953125
8 4.267692565917969e-05
- 0.0007052421569824219
2 0.0006146430969238281
8 2.7179718017578125e-05
2 8.749961853027344e-05
- 0.0001957416534423828
0 0.0004930496215820312
4 0.0003409385681152344
7 0.00018358230590820312
6 0.00047707557678222656
▁ 0.0341796875
8 0.0007801055908203125
8 0.00017702579498291016
8 4.506111145019531e-05
- 0.000728607177734375
2 0.0007104873657226562
8 3.409385681152344e-05
2 9.250640869140625e-05
- 0.00022339820861816406
0 0.0005197525024414062
4 0.0003566741943359375
7 0.00019359588623046875
6 0.0005102157592773438
▁ 0.037689208984375
8 0.0008096694946289062
8 0.00017917156219482422
8 4.5299530029296875e-05
- 0.0007791519165039062
2 0.0006856918334960938
8 3.409385681152344e-05
2 9.036064147949219e-05
- 0.00022137165069580078
0 0.0004911422729492188
4 0.0003781318664550781
7 0.00018274784088134766
6 0.0004601478576660156
▁ 0.03460693359375
8 0.0006999969482421875
8 0.00016510486602783203
8 4.267692565917969e-05
- 0.0006952285766601562
2 0.0006723403930664062
8 2.8967857360839844e-05
2 7.677078247070312e-05
- 0.00019240379333496094
0 0.0004718303680419922
4 0.0003457069396972656
7 0.0001652240753173828
6 0.0004088878631591797
▁ 0.034881591796875
8 0.0007467269897460938
8 0.00015878677368164062
8 4.0411949157714844e-05
- 0.0006337165832519531
2 0.0005888938903808594
8 2.7179718017578125e-05
2 6.508827209472656e-05
- 0.0001735687255859375
0 0.0004184246063232422
4 0.00030612945556640625
7 0.00015926361083984375
6 0.00037026405334472656
▁ 0.03497314453125
8 0.0007762908935546875
8 0.0001577138900756836
8 3.707408905029297e-05
- 0.0005755424499511719
2 0.000545501708984375
8 2.4318695068359375e-05
2 6.222724914550781e-05
- 0.00015878677368164062
0 0.00041484832763671875
4 0.0002963542938232422
7 0.00015592575073242188
6 0.0003418922424316406
▁ 0.031463623046875
8 0.0007843971252441406
8 0.00013816356658935547
8 3.337860107421875e-05
- 0.0005364418029785156
2 0.00054168701171875
8 2.4199485778808594e-05
2 6.079673767089844e-05
- 0.00015282630920410156
0 0.00042319297790527344
4 0.00031304359436035156
7 0.00017249584197998047
6 0.0003478527069091797
▁ 0.0311126708984375
8 0.000820159912109375
8 0.00012362003326416016
8 2.8848648071289062e-05
- 0.0005221366882324219
2 0.0005240440368652344
8 2.5510787963867188e-05
2 5.900859832763672e-05
- 0.00014698505401611328
0 0.0004570484161376953
4 0.0003018379211425781
7 0.0001595020294189453
6 0.000335693359375
▁ 0.030792236328125
8 0.0007538795471191406
8 0.00011360645294189453
8 2.6941299438476562e-05
- 0.0005002021789550781
2 0.0004820823669433594
8 2.3126602172851562e-05
2 5.936622619628906e-05
- 0.00014662742614746094
0 0.00046324729919433594
4 0.0003306865692138672
7 0.000171661376953125
6 0.00033855438232421875
▁ 0.030242919921875
8 0.000713348388671875
8 0.00011491775512695312
8 2.682209014892578e-05
- 0.0005316734313964844
2 0.0004982948303222656
8 2.7894973754882812e-05
2 6.115436553955078e-05
- 0.0001569986343383789
0 0.00046706199645996094
4 0.0003237724304199219
7 0.00016582012176513672
6 0.000362396240234375
▁ 0.0304412841796875
8 0.0007486343383789062
8 0.0001207590103149414
8 2.7060508728027344e-05
- 0.0005421638488769531
2 0.00047469139099121094
8 2.5272369384765625e-05
2 5.447864532470703e-05
- 0.00015020370483398438
0 0.0004334449768066406
4 0.0003211498260498047
7 0.0001550912857055664
6 0.00034928321838378906
▁ 0.027008056640625
8 0.0006465911865234375
8 0.00011169910430908203
8 2.6702880859375e-05
- 0.0005240440368652344
2 0.0004813671112060547
8 2.3126602172851562e-05
2 5.066394805908203e-05
- 0.00014030933380126953
0 0.00041484832763671875
4 0.00029850006103515625
7 0.00015556812286376953
6 0.0003311634063720703
▁ 0.02679443359375
8 0.0006375312805175781
8 0.00010597705841064453
8 2.6941299438476562e-05
- 0.0004992485046386719
2 0.0004916191101074219
8 2.3365020751953125e-05
2 4.887580871582031e-05
- 0.00014865398406982422
0 0.0003733634948730469
4 0.0002644062042236328
7 0.00015616416931152344
6 0.0003273487091064453
▁ 0.028228759765625
8 0.0006747245788574219
8 0.00010538101196289062
8 2.6941299438476562e-05
- 0.0004875659942626953
2 0.0004832744598388672
8 2.3365020751953125e-05
2 4.76837158203125e-05
- 0.0001423358917236328
0 0.0003464221954345703
4 0.000244140625
7 0.00014472007751464844
6 0.00030493736267089844
▁ 0.026336669921875
8 0.000614166259765625
8 9.72747802734375e-05
8 2.467632293701172e-05
- 0.0004608631134033203
2 0.0004639625549316406
8 2.205371856689453e-05
2 4.7326087951660156e-05
- 0.00013935565948486328
0 0.0003457069396972656
4 0.00023424625396728516
7 0.00013720989227294922
6 0.00028443336486816406
▁ 0.02667236328125
8 0.0005908012390136719
8 9.548664093017578e-05
8 2.562999725341797e-05
- 0.00045228004455566406
2 0.00048661231994628906
8 2.4199485778808594e-05
2 4.7087669372558594e-05
- 0.00014150142669677734
0 0.00033092498779296875
4 0.0002353191375732422
7 0.00013566017150878906
6 0.00029206275939941406
▁ 0.0279693603515625
8 0.0006070137023925781
8 9.679794311523438e-05
8 2.4437904357910156e-05
- 0.00044465065002441406
2 0.0005016326904296875
8 2.384185791015625e-05
2 4.8279762268066406e-05
- 0.0001367330551147461
0 0.00036406517028808594
4 0.0002536773681640625
7 0.00014340877532958984
6 0.0002949237823486328
▁ 0.027557373046875
8 0.0006012916564941406
8 9.66787338256836e-05
8 2.47955322265625e-05
- 0.0004425048828125
2 0.0005464553833007812
8 2.3245811462402344e-05
2 4.6133995056152344e-05
- 0.00013518333435058594
0 0.0003695487976074219
4 0.0002574920654296875
7 0.00015652179718017578
6 0.00028824806213378906
▁ 0.0281524658203125
8 0.0006585121154785156
8 9.763240814208984e-05
8 2.4080276489257812e-05
- 0.0004241466522216797
2 0.000522613525390625
8 2.1457672119140625e-05
2 4.553794860839844e-05
- 0.00012981891632080078
0 0.00036525726318359375
4 0.0002321004867553711
7 0.0001506805419921875
6 0.0002627372741699219
▁ 0.026519775390625
8 0.0006461143493652344
8 0.00010728836059570312
8 2.6464462280273438e-05
- 0.000415802001953125
2 0.0005764961242675781
8 2.2411346435546875e-05
2 5.161762237548828e-05
- 0.0001291036605834961
0 0.0004315376281738281
4 0.0002446174621582031
7 0.00016808509826660156
6 0.00026535987854003906
▁ 0.025299072265625
8 0.0006127357482910156
8 0.00011157989501953125
8 2.6702880859375e-05
- 0.00042629241943359375
2 0.0005803108215332031
8 2.562999725341797e-05
2 5.614757537841797e-05
- 0.0001329183578491211
0 0.0004382133483886719
4 0.00025725364685058594
7 0.0001748800277709961
6 0.00027751922607421875
▁ 0.0258941650390625
8 0.0005974769592285156
8 0.00011551380157470703
8 2.8014183044433594e-05
- 0.0004482269287109375
2 0.000606536865234375
8 2.765655517578125e-05
2 5.745887756347656e-05
- 0.00013124942779541016
0 0.0004546642303466797
4 0.00027441978454589844
7 0.0001595020294189453
6 0.00027823448181152344
▁ 0.02557373046875
8 0.0005245208740234375
8 0.00011217594146728516
8 2.5153160095214844e-05
- 0.00043129920959472656
2 0.0005335807800292969
8 2.5153160095214844e-05
2 5.352497100830078e-05
- 0.00012254714965820312
0 0.00041413307189941406
4 0.0002605915069580078
7 0.00015676021575927734
6 0.0002720355987548828
▁ 0.026580810546875
8 0.0005311965942382812
8 0.00011467933654785156
8 2.4557113647460938e-05
- 0.00043487548828125
2 0.0005388259887695312
8 2.4557113647460938e-05
2 5.173683166503906e-05
- 0.0001227855682373047
0 0.00039005279541015625
4 0.0002435445785522461
7 0.00015056133270263672
6 0.0002627372741699219
▁ 0.02630615234375
8 0.000568389892578125
8 0.00010228157043457031
8 2.1696090698242188e-05
- 0.00040221214294433594
2 0.0004940032958984375
8 2.0384788513183594e-05
2 4.589557647705078e-05
- 0.00011849403381347656
0 0.00033855438232421875
4 0.00023281574249267578
7 0.00014722347259521484
6 0.00025081634521484375
▁ 0.0245361328125
8 0.0005326271057128906
8 9.40561294555664e-05
8 2.014636993408203e-05
- 0.00039577484130859375
2 0.0004978179931640625
8 2.0265579223632812e-05
2 4.4226646423339844e-05
- 0.00011706352233886719
0 0.0004048347473144531
4 0.00023663043975830078
7 0.00015485286712646484
6 0.0002415180206298828
▁ 0.0248870849609375
8 0.0005259513854980469
8 8.702278137207031e-05
8 1.9669532775878906e-05
- 0.00040078163146972656
2 0.0004887580871582031
8 1.8835067749023438e-05
2 4.3392181396484375e-05
- 0.00012445449829101562
0 0.00036787986755371094
4 0.00024020671844482422
7 0.00015747547149658203
6 0.00024628639221191406
▁ 0.02508544921875
8 0.0005307197570800781
8 8.52346420288086e-05
8 1.9073486328125e-05
- 0.0003933906555175781
2 0.0005140304565429688
8 2.0623207092285156e-05
2 4.673004150390625e-05
- 0.00012671947479248047
0 0.00043487548828125
4 0.00025844573974609375
7 0.00015437602996826172
6 0.0002460479736328125
▁ 0.0243682861328125
8 0.0005168914794921875
8 8.499622344970703e-05
8 1.919269561767578e-05
- 0.0003936290740966797
2 0.0005102157592773438
8 1.8835067749023438e-05
2 4.494190216064453e-05
- 0.00012540817260742188
0 0.00040221214294433594
4 0.0002567768096923828
7 0.00015854835510253906
6 0.00024175643920898438
▁ 0.0237884521484375
8 0.0005021095275878906
8 8.749961853027344e-05
8 1.919269561767578e-05
- 0.00037550926208496094
2 0.0005021095275878906
8 1.823902130126953e-05
2 4.398822784423828e-05
- 0.00011658668518066406
0 0.00037741661071777344
4 0.00023949146270751953
7 0.00014328956604003906
6 0.00022470951080322266
▁ 0.0225067138671875
8 0.0004978179931640625
8 9.09566879272461e-05
8 1.9550323486328125e-05
- 0.0003490447998046875
2 0.0005207061767578125
8 1.7523765563964844e-05
2 4.410743713378906e-05
- 0.00011551380157470703
0 0.0003781318664550781
4 0.0002529621124267578
7 0.000148773193359375
6 0.00022792816162109375
▁ 0.02252197265625
8 0.0005040168762207031
8 8.761882781982422e-05
8 1.895427703857422e-05
- 0.00035381317138671875
2 0.0004897117614746094
8 1.8358230590820312e-05
2 4.410743713378906e-05
- 0.000110626220703125
0 0.00036072731018066406
4 0.00024509429931640625
7 0.000148773193359375
6 0.0002200603485107422
▁ 0.022613525390625
8 0.0005278587341308594
8 8.118152618408203e-05
8 1.8358230590820312e-05
- 0.0003342628479003906
2 0.000461578369140625
8 1.6689300537109375e-05
2 4.315376281738281e-05
- 0.00010800361633300781
0 0.00034499168395996094
4 0.000244140625
7 0.0001360177993774414
6 0.00020682811737060547
▁The 7.5390625
▁CD 9.734375
- 3.447265625
Re 7.421875
Write 11.890625
able 4.65234375
▁technology 2.7734375
▁was 3.87109375
▁un 5.1015625
ve 0.1435546875
iled 0.0038852691650390625
▁through 6.375
▁a 1.291015625
▁joint 4.21484375
▁press 2.365234375
▁conference 1.15625
▁by 2.1953125
▁H 3.6171875
ew 1.9423828125
lett 0.163818359375
- 0.1728515625
Pack 0.0241851806640625
ard 0.00395965576171875
, 2.046875
▁Sony 2.939453125
, 0.9375
▁and 0.83935546875
▁Phill 5.3046875
ips 0.008056640625
. 1.1728515625
▁The 0.9228515625
▁new 2.544921875
▁technology 0.9013671875
▁will 2.232421875
▁change 4.5546875
▁the 0.290283203125
▁market 4.46484375
▁as 3.86328125
▁it 1.38671875
▁allows 2.748046875
▁people 3.455078125
▁to 0.135498046875
▁rewrite 4.2421875
▁over 7.72265625
▁CD 2.435546875
s 1.123046875
, 2.060546875
▁which 2.279296875
▁will 1.826171875
▁bring 4.87890625
▁the 2.55859375
▁storage 4.54296875
▁capacity 0.69873046875
▁of 1.3056640625
▁CD 0.93505859375
s 0.262451171875
▁to 0.76171875
▁a 2.21875
▁whole 2.59765625
▁new 0.1370849609375
▁level 0.2529296875
. 0.1461181640625
▁The 1.0263671875
▁CD 2.095703125
- 0.22900390625
Re 0.326904296875
Write 0.03582763671875
able 0.01580810546875
▁technology 0.315673828125
▁has 3.04296875
▁numerous 7.23046875
▁applications 1.73828125
, 1.5576171875
▁especially 4.1953125
▁in 0.8935546875
▁the 0.97509765625
▁real 5.7421875
m 0.096435546875
▁of 0.0076446533203125
▁arch 4.84765625
iving 0.395263671875
▁and 1.5322265625
▁data 2.205078125
▁storage 0.7392578125
. 0.310302734375
▁It 2.775390625
▁provides 5.0859375
▁an 2.5234375
▁afford 3.822265625
able 0.010894775390625
▁and 1.4599609375
▁efficient 2.55859375
▁method 1.87890625
▁for 1.361328125
▁people 2.84375
▁to 0.1668701171875
▁store 1.57421875
▁and 1.7568359375
▁save 4.37109375
▁their 1.54296875
▁files 3.193359375
, 2.240234375
▁which 1.9609375
▁was 4.390625
▁once 3.548828125
▁a 1.8779296875
▁da 3.822265625
un 0.0020351409912109375
ting 0.0001385211944580078
▁task 0.36279296875
, 3.125
▁especially 2.03515625
▁when 1.99609375
▁it 1.7880859375
▁comes 0.5546875
▁to 0.0216064453125
▁large 3.619140625
▁files 1.1826171875
▁and 2.033203125
▁data 1.6298828125
. 0.6552734375
▁The 1.08984375
▁technology 1.2900390625
▁can 2.955078125
▁store 2.9921875
▁up 1.76953125
▁to 0.00928497314453125
▁ 0.2047119140625
6 2.671875
5 2.0078125
0 1.0810546875
▁meg 2.578125
aby 0.03924560546875
tes 0.0110931396484375
▁of 0.68798828125
▁data 0.479248046875
, 1.3203125
▁about 6.03125
▁ 0.86279296875
7 3.201171875
4 4.125
▁minutes 4.765625
▁of 0.16748046875
▁audio 1.80859375
, 0.560546875
▁in 7.25
▁a 1.4091796875
▁single 0.90771484375
▁disc 2.474609375
, 1.646484375
▁which 0.88134765625
▁is 0.60498046875
▁double 4.8671875
▁what 2.63671875
▁currently 6.640625
▁available 2.90625
▁technology 2.681640625
▁can 0.427490234375
▁handle 2.912109375
. 0.1064453125
▁Moreover 5.37890625
, 0.007366180419921875
▁since 5.5703125
▁it 1.66015625
▁is 0.84375
▁re 3.787109375
writ 0.1639404296875
able 0.0031871795654296875
, 0.1556396484375
▁it 1.125
▁can 1.0634765625
▁be 0.5791015625
▁used 1.4150390625
▁repeatedly 4.49609375
▁to 2.390625
▁store 1.1298828125
▁new 3.681640625
▁files 1.4189453125
▁and 1.560546875
▁data 0.70556640625
▁multiple 10.5546875
▁times 0.0216522216796875
, 1.8681640625
▁making 2.921875
▁it 0.38427734375
▁a 1.380859375
▁highly 3.2578125
▁econom 3.455078125
ical 0.01263427734375
▁solution 2.427734375
. 1.08203125
▁The 1.2431640625
▁new 2.4453125
▁CD 2.546875
- 0.25390625
Re 0.111328125
Write 0.01175689697265625
able 0.0057220458984375
▁technology 0.05401611328125
▁is 1.517578125
▁a 2.490234375
▁result 4.89453125
▁of 0.0106353759765625
▁years 2.671875
- 7.66796875
long 0.1357421875
▁research 0.84033203125
▁and 0.6513671875
▁development 0.1846923828125
▁by 1.568359375
▁the 1.88671875
▁three 1.7509765625
▁high 7.2578125
▁te 2.712890625
ch 0.046905517578125
▁gi 0.283447265625
ants 0.0006275177001953125
. 0.84765625
▁It 2.1171875
▁is 1.1396484375
▁based 3.71484375
▁on 0.053558349609375
▁a 1.19140625
▁technique 5.2421875
▁called 1.0869140625
▁phase 5.9453125
- 0.7470703125
change 0.74267578125
▁technology 3.69140625
, 0.3544921875
▁which 0.27783203125
▁allows 1.9111328125
▁the 1.2265625
▁las 7.125
er 0.1893310546875
▁beam 2.546875
▁to 0.180419921875
▁rewrite 2.572265625
▁the 0.96484375
▁data 1.1416015625
▁on 1.3701171875
▁the 0.37255859375
▁disc 0.595703125
▁at 3.751953125
▁varying 5.6484375
▁spe 0.498291015625
eds 0.0001291036605834961
▁without 5.66015625
▁comprom 4.515625
ising 0.004749298095703125
▁the 0.40576171875
▁integrity 2.1171875
▁of 0.09893798828125
▁the 0.036834716796875
▁data 0.82421875
▁already 8.3125
▁stored 0.6396484375
. 1.1884765625
▁The 1.0791015625
▁technology 1.642578125
▁is 1.21484375
▁expected 2.625
▁to 0.006992340087890625
▁have 3.509765625
▁a 0.6533203125
▁significant 2.357421875
▁impact 0.2490234375
▁on 0.2252197265625
▁the 0.4443359375
▁market 2.162109375
, 1.0146484375
▁especially 1.04296875
▁for 2.548828125
▁small 4.51953125
▁business 1.2744140625
es 0.1041259765625
▁and 0.91796875
▁individuals 1.734375
▁who 1.0029296875
▁need 2.396484375
▁cost 6.61328125
- 0.11444091796875
effect 0.1865234375
ive 0.002811431884765625
▁solutions 1.7421875
▁to 1.107421875
▁store 1.1875
▁their 1.4853515625
▁data 0.84765625
. 0.6796875
▁It 1.9765625
▁is 0.9130859375
▁also 1.1181640625
▁spec 9.515625
ulated 0.002574920654296875
▁that 0.1156005859375
▁it 2.54296875
▁could 2.05859375
▁lead 3.787109375
▁to 0.006561279296875
▁the 0.96240234375
▁creation 1.880859375
▁of 0.005397796630859375
▁new 0.974609375
▁mark 2.748046875
ets 0.00012540817260742188
▁for 0.83056640625
▁CD 1.7333984375
- 1.5009765625
ROM 1.380859375
s 1.2880859375
▁as 3.8203125
▁the 2.1953125
▁re 4.6328125
- 4.90625
writ 0.78857421875
able 0.03521728515625
▁feature 5.56640625
▁allows 2.455078125
▁for 1.7607421875
▁the 1.2216796875
▁storage 2.365234375
▁of 0.11053466796875
▁dynamic 9.078125
▁data 0.88134765625
▁that 3.013671875
▁is 1.072265625
▁updated 1.669921875
▁regularly 2.2734375
. 0.28515625
▁Cons 7.6875
um 0.145263671875
ers 0.0020008087158203125
▁can 2.15234375
▁expect 1.2509765625
▁a 2.98046875
▁drop 6.38671875
▁in 0.06158447265625
▁the 0.51025390625
▁price 0.56494140625
▁of 0.076904296875
▁standard 6.875
▁CD 0.478515625
- 1.2744140625
ROM 0.0217437744140625
s 0.25830078125
▁since 4.765625
▁the 0.60400390625
▁market 6.109375
▁will 1.408203125
▁be 1.2431640625
▁opened 5.55078125
▁up 0.7216796875
▁to 0.2437744140625
▁more 3.515625
▁econom 7.203125
ical 0.0947265625
▁alternatives 3.08984375
▁with 4.85546875
▁the 0.67578125
▁release 3.47265625
▁of 0.0033721923828125
▁the 0.425537109375
▁CD 1.0693359375
- 0.0176544189453125
Re 0.044342041015625
Write 0.01104736328125
able 0.0036067962646484375
▁technology 0.0648193359375
. 0.0241546630859375
▁" 6.265625
This 2.5078125
▁is 1.1630859375
▁an 2.154296875
▁exc 0.8115234375
iting 0.00019788742065429688
▁time 1.5732421875
▁for 0.37255859375
▁the 0.890625
▁industry 2.23828125
▁and 1.83984375
▁for 1.193359375
▁all 2.599609375
▁those 3.908203125
▁who 0.599609375
▁need 4.83984375
▁to 1.0224609375
▁store 0.63037109375
▁and 1.5576171875
▁access 2.248046875
▁their 1.7333984375
▁data 0.74072265625
▁regularly 6.28125
," 0.93408203125
▁said 0.316650390625
▁Ko 8.421875
ichi 1.7314453125
▁Su 4.4765625
zu 1.17578125
ki 0.0112762451171875
▁of 3.380859375
▁Sony 0.87939453125
. 0.8720703125
▁" 0.198974609375
This 2.6640625
▁release 5.16796875
▁will 1.47265625
▁allow 2.298828125
▁for 2.095703125
▁the 1.0703125
▁efficient 5.2734375
▁management 3.646484375
▁of 0.2078857421875
▁files 3.689453125
▁and 0.6953125
▁the 2.98046875
▁creation 2.30078125
▁of 0.0252838134765625
▁new 0.82666015625
▁opportun 3.486328125
ities 0.0007891654968261719
▁within 5.11328125
▁the 0.263427734375
▁market 1.736328125
." 1.0361328125
▁The 1.4130859375
▁CD 1.9013671875
- 0.0286407470703125
Re 0.051177978515625
Write 0.0079193115234375
able 0.0014448165893554688
▁technology 0.0287628173828125
▁is 0.99267578125
▁a 3.095703125
▁welcome 5.73828125
▁sight 6.07421875
▁for 0.6142578125
▁many 3.189453125
▁people 2.53515625
▁as 2.9296875
▁they 3.177734375
▁no 4.23828125
▁longer 0.01326751708984375
▁need 1.0068359375
▁to 0.053955078125
▁worry 1.2568359375
▁about 0.0111236572265625
▁their 2.255859375
▁data 0.7763671875
▁being 0.458740234375
▁lost 0.5771484375
▁or 0.8408203125
▁comprom 4.3828125
ised 0.004528045654296875
. 0.66455078125
▁The 1.517578125
▁technology 0.87939453125
▁is 1.009765625
▁expected 0.86328125
▁to 0.0012607574462890625
▁be 1.8583984375
▁a 2.56640625
▁hit 2.560546875
▁among 1.6083984375
▁students 6.51953125
, 0.5966796875
▁research 4.06640625
ers 0.0084991455078125
, 0.043182373046875
▁and 0.24072265625
▁profession 2.572265625
als 5.054473876953125e-05
, 1.6630859375
▁who 1.31640625
▁generate 10.3515625
▁a 0.88671875
▁large 1.6259765625
▁amount 0.1986083984375
▁of 0.002948760986328125
▁data 0.0997314453125
▁and 1.669921875
▁need 1.1923828125
▁easily 6.671875
▁accessible 0.222412109375
▁and 1.44140625
▁reliable 3.091796875
▁storage 0.705078125
▁solutions 0.56103515625
. 0.08380126953125
▁In 3.5859375
▁conclusion 2.646484375
, 0.0092010498046875
▁the 0.318603515625
▁release 1.3984375
▁of 0.007160186767578125
▁the 0.09259033203125
▁CD 0.64111328125
- 0.01071929931640625
Re 0.0280914306640625
Write 0.0062103271484375
able 0.0016126632690429688
▁technology 0.01007843017578125
▁is 0.60791015625
▁a 0.497802734375
▁break 4.77734375
through 0.00986480712890625
▁in 0.6630859375
▁the 0.271728515625
▁field 1.2744140625
▁of 0.00707244873046875
▁storage 1.9501953125
▁technology 1.37109375
, 1.5400390625
▁and 2.126953125
▁it 0.708984375
▁is 1.0634765625
▁expected 0.9794921875
▁to 0.01207733154296875
▁have 0.368408203125
▁a 0.0662841796875
▁significant 0.32763671875
▁impact 0.021270751953125
▁on 0.03533935546875
▁the 0.0516357421875
▁market 0.185302734375
. 0.50537109375
▁The 1.2333984375
▁technology 0.5
' 5.45703125
s 0.01137542724609375
▁high 3.46875
▁capacity 1.65625
▁and 0.67138671875
▁afford 1.7744140625
ability 0.50537109375
▁make 0.88427734375
▁it 0.00418853759765625
▁an 1.0634765625
▁ideal 1.0859375
▁choice 2.12109375
▁for 0.002979278564453125
▁people 1.8427734375
▁who 0.2158203125
▁need 0.2509765625
▁to 0.91796875
▁constantly 6.49609375
▁manage 3.994140625
▁and 1.064453125
▁store 1.1513671875
▁data 1.6689453125
. 0.215576171875
▁Small 10.4375
▁business 0.59521484375
es 0.05059814453125
▁who 6.25390625
▁need 1.4951171875
▁to 0.64599609375
▁efficiently 3.8671875
▁store 1.541015625
▁their 1.6748046875
▁vital 6.82421875
▁information 0.8232421875
▁could 4.86328125
▁benefit 1.8857421875
▁from 1.0849609375
▁the 0.260498046875
▁technology 1.1240234375
. 3.02734375
