▁When 5.5078125
▁she 5.83203125
▁lost 5.83203125
▁her 0.41943359375
▁job 2.048828125
, 1.2412109375
▁she 1.546875
▁was 2.369140625
▁dev 2.796875
ast 0.01279449462890625
ated 0.0011911392211914062
, 2.646484375
▁but 0.80322265625
▁she 1.310546875
▁was 2.263671875
▁still 4.0625
▁able 1.8642578125
▁to 0.00690460205078125
▁find 1.71875
▁the 3.453125
▁silver 2.337890625
▁l 0.0535888671875
ining 8.96453857421875e-05
. 0.83642578125
<0x0A> 0.8330078125
I 3.5859375
▁decided 5.98828125
▁to 0.305908203125
▁surprise 9.2734375
▁her 0.60546875
▁and 2.271484375
▁find 5.41796875
▁ 6.484375
8 3.482421875
8 4.60546875
8 2.88671875
- 1.509765625
3 2.62890625
5 2.486328125
3 1.732421875
- 0.026214599609375
1 2.134765625
2 2.5078125
9 2.48828125
9 0.74658203125
▁ 4.74609375
8 0.9521484375
8 0.116455078125
8 0.004695892333984375
- 0.07122802734375
3 0.06378173828125
5 0.027252197265625
3 0.00504302978515625
- 0.002986907958984375
1 0.00775909423828125
2 0.014312744140625
9 0.007480621337890625
9 0.0143280029296875
▁ 1.9228515625
8 0.144775390625
8 0.032562255859375
8 0.0009436607360839844
- 0.0063018798828125
3 0.0254669189453125
5 0.0106964111328125
3 0.0023784637451171875
- 0.0004916191101074219
1 0.00302886962890625
2 0.004638671875
9 0.0023956298828125
9 0.00470733642578125
▁ 0.78271484375
8 0.05804443359375
8 0.00812530517578125
8 0.0004622936248779297
- 0.0016775131225585938
3 0.0067138671875
5 0.001819610595703125
3 0.00039649009704589844
- 0.0001951456069946289
1 0.0007171630859375
2 0.001010894775390625
9 0.0007271766662597656
9 0.0013580322265625
▁ 0.30078125
8 0.0252227783203125
8 0.00365447998046875
8 0.00022101402282714844
- 0.0008144378662109375
3 0.0034122467041015625
5 0.0007104873657226562
3 0.00016570091247558594
- 0.00013315677642822266
1 0.0003757476806640625
2 0.0005502700805664062
9 0.0004239082336425781
9 0.000499725341796875
▁ 0.08709716796875
8 0.00997161865234375
8 0.001468658447265625
8 0.00011563301086425781
- 0.0004024505615234375
3 0.001285552978515625
5 0.0002799034118652344
3 7.331371307373047e-05
- 6.67572021484375e-05
1 0.0001881122589111328
2 0.0003018379211425781
9 0.00026535987854003906
9 0.00043201446533203125
▁ 0.059844970703125
8 0.007061004638671875
8 0.0011777877807617188
8 9.691715240478516e-05
- 0.00032901763916015625
3 0.00103759765625
5 0.0002149343490600586
3 5.7578086853027344e-05
- 5.435943603515625e-05
1 0.00014734268188476562
2 0.00022649765014648438
9 0.0002065896987915039
9 0.00034928321838378906
▁ 0.056884765625
8 0.006565093994140625
8 0.0010366439819335938
8 7.855892181396484e-05
- 0.00026869773864746094
3 0.0010423660278320312
5 0.00020194053649902344
3 5.269050598144531e-05
- 4.017353057861328e-05
1 0.00011789798736572266
2 0.00020372867584228516
9 0.00017082691192626953
9 0.00034165382385253906
▁ 0.05291748046875
8 0.005908966064453125
8 0.000820159912109375
8 6.973743438720703e-05
- 0.0002262592315673828
3 0.0008249282836914062
5 0.0001786947250366211
3 4.7087669372558594e-05
- 3.3020973205566406e-05
1 0.00010669231414794922
2 0.00019979476928710938
9 0.00016379356384277344
9 0.0003616809844970703
▁ 0.05029296875
8 0.005588531494140625
8 0.0006666183471679688
8 5.900859832763672e-05
- 0.00018286705017089844
3 0.0007486343383789062
5 0.0001512765884399414
3 3.910064697265625e-05
- 3.349781036376953e-05
1 9.143352508544922e-05
2 0.00018310546875
9 0.00014030933380126953
9 0.0003490447998046875
▁ 0.053497314453125
8 0.00595855712890625
8 0.0006246566772460938
8 5.555152893066406e-05
- 0.0001533031463623047
3 0.0007834434509277344
5 0.00014901161193847656
3 3.457069396972656e-05
- 2.8848648071289062e-05
1 9.918212890625e-05
2 0.00015676021575927734
9 0.00013434886932373047
9 0.00048661231994628906
▁ 0.05462646484375
8 0.005657196044921875
8 0.0006089210510253906
8 5.2809715270996094e-05
- 0.00016629695892333984
3 0.0008587837219238281
5 0.0001652240753173828
3 3.719329833984375e-05
- 3.7789344787597656e-05
1 0.0001188516616821289
2 0.00019884109497070312
9 0.00015425682067871094
9 0.00032639503479003906
▁ 0.053955078125
8 0.0056915283203125
8 0.000690460205078125
8 5.447864532470703e-05
- 0.0001678466796875
3 0.0009212493896484375
5 0.00017786026000976562
3 4.220008850097656e-05
- 3.1113624572753906e-05
1 0.00012445449829101562
2 0.00017344951629638672
9 0.00015282630920410156
9 0.0003616809844970703
▁ 0.04449462890625
8 0.0050048828125
8 0.0006241798400878906
8 5.1140785217285156e-05
- 0.00014507770538330078
3 0.0009236335754394531
5 0.00015544891357421875
3 4.017353057861328e-05
- 2.8133392333984375e-05
1 0.00012254714965820312
2 0.00017344951629638672
9 0.00014841556549072266
9 0.0002849102020263672
▁ 0.038970947265625
8 0.0048828125
8 0.0005903244018554688
8 4.756450653076172e-05
- 0.00012385845184326172
3 0.0006818771362304688
5 0.00012767314910888672
3 3.445148468017578e-05
- 2.2411346435546875e-05
1 0.0001049041748046875
2 0.00013780593872070312
9 9.834766387939453e-05
9 0.0003218650817871094
▁ 0.032867431640625
8 0.0046539306640625
8 0.0005602836608886719
8 4.3511390686035156e-05
- 0.00012445449829101562
3 0.0006389617919921875
5 0.00012218952178955078
3 3.159046173095703e-05
- 2.1219253540039062e-05
1 0.00010335445404052734
2 0.00014603137969970703
9 9.012222290039062e-05
9 0.00026297569274902344
▁ 0.029266357421875
8 0.0046234130859375
8 0.0005273818969726562
8 4.112720489501953e-05
- 0.00011301040649414062
3 0.0006132125854492188
5 0.0001195669174194336
3 3.039836883544922e-05
- 1.9073486328125e-05
1 9.763240814208984e-05
2 0.0001207590103149414
9 0.0001055002212524414
9 0.00020182132720947266
▁ 0.0297393798828125
8 0.004352569580078125
8 0.0005130767822265625
8 4.0531158447265625e-05
- 9.357929229736328e-05
3 0.0005650520324707031
5 0.00010275840759277344
3 2.7418136596679688e-05
- 1.811981201171875e-05
1 9.083747863769531e-05
2 0.00010216236114501953
9 9.72747802734375e-05
9 0.00028014183044433594
▁ 0.0277557373046875
8 0.0043487548828125
8 0.0005044937133789062
8 3.981590270996094e-05
- 8.630752563476562e-05
3 0.0005335807800292969
5 8.64267349243164e-05
3 2.4199485778808594e-05
- 1.8596649169921875e-05
1 8.07046890258789e-05
2 6.103515625e-05
9 7.736682891845703e-05
9 0.0002465248107910156
▁ 0.026336669921875
8 0.004322052001953125
8 0.000518798828125
8 4.1961669921875e-05
- 0.00010693073272705078
3 0.0005536079406738281
5 9.608268737792969e-05
3 2.682209014892578e-05
- 1.9788742065429688e-05
1 8.869171142578125e-05
2 0.00011336803436279297
9 6.794929504394531e-05
9 0.00022220611572265625
▁ 0.024871826171875
8 0.004207611083984375
8 0.0004925727844238281
8 4.494190216064453e-05
- 0.00010061264038085938
3 0.000537872314453125
5 0.0001062154769897461
3 2.8014183044433594e-05
- 2.0742416381835938e-05
1 0.00010192394256591797
2 0.00010859966278076172
9 7.486343383789062e-05
9 0.00033402442932128906
▁ 0.02276611328125
8 0.004085540771484375
8 0.0004878044128417969
8 4.5299530029296875e-05
- 9.584426879882812e-05
3 0.0005331039428710938
5 0.0001024007797241211
3 2.7894973754882812e-05
- 1.9788742065429688e-05
1 9.620189666748047e-05
2 7.259845733642578e-05
9 8.45193862915039e-05
9 0.0001895427703857422
▁ 0.024200439453125
8 0.004405975341796875
8 0.00048542022705078125
8 4.088878631591797e-05
- 9.274482727050781e-05
3 0.0005774497985839844
5 9.369850158691406e-05
3 2.5153160095214844e-05
- 2.002716064453125e-05
1 9.906291961669922e-05
2 7.95125961303711e-05
9 9.131431579589844e-05
9 0.00011658668518066406
▁ 0.022552490234375
8 0.0037326812744140625
8 0.0003943443298339844
8 3.612041473388672e-05
- 9.071826934814453e-05
3 0.0004734992980957031
5 8.034706115722656e-05
3 2.276897430419922e-05
- 2.0742416381835938e-05
1 8.869171142578125e-05
2 8.845329284667969e-05
9 8.189678192138672e-05
9 0.00012159347534179688
▁ 0.02325439453125
8 0.00366973876953125
8 0.0003960132598876953
8 3.445148468017578e-05
- 8.344650268554688e-05
3 0.00044918060302734375
5 7.987022399902344e-05
3 2.086162567138672e-05
- 2.014636993408203e-05
1 8.702278137207031e-05
2 7.665157318115234e-05
9 6.306171417236328e-05
9 0.00023603439331054688
▁ 0.024261474609375
8 0.00347137451171875
8 0.0003895759582519531
8 3.0159950256347656e-05
- 8.749961853027344e-05
3 0.00048542022705078125
5 8.058547973632812e-05
3 2.2411346435546875e-05
- 2.396106719970703e-05
1 9.834766387939453e-05
2 7.808208465576172e-05
9 7.867813110351562e-05
9 0.0001246929168701172
▁ 0.025146484375
8 0.0038394927978515625
8 0.0004036426544189453
8 3.3736228942871094e-05
- 8.630752563476562e-05
3 0.0005340576171875
5 8.761882781982422e-05
3 2.3126602172851562e-05
- 2.300739288330078e-05
1 9.679794311523438e-05
2 7.259845733642578e-05
9 6.0439109802246094e-05
9 0.00022733211517333984
▁ 0.0229644775390625
8 0.0038299560546875
8 0.0003986358642578125
8 3.4332275390625e-05
- 8.976459503173828e-05
3 0.0005340576171875
5 8.738040924072266e-05
3 2.2292137145996094e-05
- 2.193450927734375e-05
1 8.761882781982422e-05
2 3.993511199951172e-05
9 6.389617919921875e-05
9 0.00011134147644042969
▁ 0.0226898193359375
8 0.0035953521728515625
8 0.0003943443298339844
8 3.218650817871094e-05
- 9.34600830078125e-05
3 0.0004849433898925781
5 8.416175842285156e-05
3 2.0503997802734375e-05
- 2.086162567138672e-05
1 8.702278137207031e-05
2 5.650520324707031e-05
9 5.793571472167969e-05
9 0.00016927719116210938
▁ 0.020965576171875
8 0.0032863616943359375
8 0.0003573894500732422
8 2.944469451904297e-05
- 7.724761962890625e-05
3 0.0004723072052001953
5 7.843971252441406e-05
3 2.014636993408203e-05
- 1.9788742065429688e-05
1 8.165836334228516e-05
2 4.565715789794922e-05
9 6.151199340820312e-05
9 9.930133819580078e-05
▁ 0.0199432373046875
8 0.0032558441162109375
8 0.0003287792205810547
8 2.9087066650390625e-05
- 7.545948028564453e-05
3 0.0004596710205078125
5 7.009506225585938e-05
3 1.811981201171875e-05
- 1.7762184143066406e-05
1 7.534027099609375e-05
2 4.8279762268066406e-05
9 5.9604644775390625e-05
9 8.547306060791016e-05
▁ 0.020111083984375
8 0.0031909942626953125
8 0.00032210350036621094
8 3.0159950256347656e-05
- 8.547306060791016e-05
3 0.00048232078552246094
5 7.581710815429688e-05
3 1.9669532775878906e-05
- 2.086162567138672e-05
1 7.772445678710938e-05
2 3.933906555175781e-05
9 5.650520324707031e-05
9 8.463859558105469e-05
▁ 0.020111083984375
8 0.0031261444091796875
8 0.00031828880310058594
8 2.8252601623535156e-05
- 8.356571197509766e-05
3 0.0004706382751464844
5 7.236003875732422e-05
3 2.0265579223632812e-05
- 2.2172927856445312e-05
1 7.796287536621094e-05
2 4.088878631591797e-05
9 5.626678466796875e-05
9 8.988380432128906e-05
▁ 0.0196685791015625
8 0.0029811859130859375
8 0.0002949237823486328
8 2.5153160095214844e-05
- 8.0108642578125e-05
3 0.0004837512969970703
5 7.62939453125e-05
3 2.300739288330078e-05
- 2.2172927856445312e-05
1 7.998943328857422e-05
2 6.783008575439453e-05
9 5.900859832763672e-05
9 0.00012505054473876953
▁ 0.0189361572265625
8 0.003082275390625
8 0.00026798248291015625
8 2.586841583251953e-05
- 7.557868957519531e-05
3 0.0004589557647705078
5 7.390975952148438e-05
3 2.09808349609375e-05
- 2.276897430419922e-05
1 8.213520050048828e-05
2 5.9485435485839844e-05
9 5.543231964111328e-05
9 0.0001232624053955078
▁ 0.018157958984375
8 0.003101348876953125
8 0.00028634071350097656
8 2.765655517578125e-05
- 6.437301635742188e-05
3 0.00042819976806640625
5 7.212162017822266e-05
3 1.9550323486328125e-05
- 1.7881393432617188e-05
1 7.855892181396484e-05
2 4.3392181396484375e-05
9 3.9458274841308594e-05
9 9.989738464355469e-05
▁ 0.018157958984375
8 0.003116607666015625
8 0.00029540061950683594
8 2.586841583251953e-05
- 5.924701690673828e-05
3 0.00045609474182128906
5 7.11679458618164e-05
3 1.621246337890625e-05
- 1.5974044799804688e-05
1 7.486343383789062e-05
2 2.6941299438476562e-05
9 3.24249267578125e-05
9 8.022785186767578e-05
▁ 0.0171051025390625
8 0.0030002593994140625
8 0.00027632713317871094
8 2.2649765014648438e-05
- 6.306171417236328e-05
3 0.0004165172576904297
5 6.413459777832031e-05
3 1.5139579772949219e-05
- 1.5735626220703125e-05
1 7.367134094238281e-05
2 2.5391578674316406e-05
9 3.2901763916015625e-05
9 8.571147918701172e-05
▁ 0.0160064697265625
8 0.002910614013671875
8 0.00026798248291015625
8 2.086162567138672e-05
- 5.6743621826171875e-05
3 0.0004208087921142578
5 5.7578086853027344e-05
3 1.4066696166992188e-05
- 1.4066696166992188e-05
1 6.783008575439453e-05
2 2.1696090698242188e-05
9 2.5987625122070312e-05
9 7.82012939453125e-05
▁ 0.01476287841796875
8 0.002887725830078125
8 0.0002435445785522461
8 2.002716064453125e-05
- 5.817413330078125e-05
3 0.0004143714904785156
5 5.054473876953125e-05
3 1.3113021850585938e-05
- 1.4066696166992188e-05
1 6.949901580810547e-05
2 3.8504600524902344e-05
9 3.0279159545898438e-05
9 7.927417755126953e-05
▁ 0.014434814453125
8 0.00296783447265625
8 0.00025343894958496094
8 2.1219253540039062e-05
- 5.9485435485839844e-05
3 0.00040793418884277344
5 5.042552947998047e-05
3 1.2516975402832031e-05
- 1.430511474609375e-05
1 6.54458999633789e-05
2 2.09808349609375e-05
9 2.6464462280273438e-05
9 7.236003875732422e-05
▁ 0.0135345458984375
8 0.00275421142578125
8 0.00024056434631347656
8 1.9788742065429688e-05
- 5.4717063903808594e-05
3 0.0004138946533203125
5 5.0187110900878906e-05
3 1.2636184692382812e-05
- 1.2874603271484375e-05
1 6.61611557006836e-05
2 4.4465065002441406e-05
9 2.86102294921875e-05
9 7.18832015991211e-05
▁ 0.01366424560546875
8 0.00274658203125
8 0.00023543834686279297
8 1.9431114196777344e-05
- 4.9114227294921875e-05
3 0.0004127025604248047
5 4.9591064453125e-05
3 1.1920928955078125e-05
- 1.1920928955078125e-05
1 6.365776062011719e-05
2 3.6835670471191406e-05
9 2.849102020263672e-05
9 8.96453857421875e-05
▁ 0.01378631591796875
8 0.0025653839111328125
8 0.0002143383026123047
8 1.6927719116210938e-05
- 4.553794860839844e-05
3 0.00035858154296875
5 4.8160552978515625e-05
3 1.1086463928222656e-05
- 1.1324882507324219e-05
1 6.270408630371094e-05
2 2.288818359375e-05
9 2.3126602172851562e-05
9 6.99758529663086e-05
▁ 0.01387786865234375
8 0.0023593902587890625
8 0.0002002716064453125
8 1.5139579772949219e-05
- 4.4345855712890625e-05
3 0.00035858154296875
5 4.0531158447265625e-05
3 9.775161743164062e-06
- 1.1324882507324219e-05
1 5.984306335449219e-05
2 2.47955322265625e-05
9 1.8596649169921875e-05
9 6.23464584350586e-05
▁ 0.01306915283203125
8 0.0022220611572265625
8 0.00018537044525146484
8 1.430511474609375e-05
- 4.398822784423828e-05
3 0.0004012584686279297
5 4.458427429199219e-05
3 1.0728836059570312e-05
- 1.1920928955078125e-05
1 6.246566772460938e-05
2 1.8835067749023438e-05
9 1.8715858459472656e-05
9 6.639957427978516e-05
▁ 0.01299285888671875
8 0.0021800994873046875
8 0.00019931793212890625
8 1.5735626220703125e-05
- 4.363059997558594e-05
3 0.00035691261291503906
5 3.8504600524902344e-05
3 9.894371032714844e-06
- 1.1324882507324219e-05
1 6.008148193359375e-05
2 3.0279159545898438e-05
9 2.2172927856445312e-05
9 6.35385513305664e-05
▁ 0.01348114013671875
8 0.0021820068359375
8 0.00020074844360351562
8 1.5735626220703125e-05
- 5.0187110900878906e-05
3 0.0003609657287597656
5 3.826618194580078e-05
3 1.0251998901367188e-05
- 1.2636184692382812e-05
1 5.8650970458984375e-05
2 2.5153160095214844e-05
9 1.990795135498047e-05
9 6.282329559326172e-05
▁ 0.01268768310546875
8 0.002201080322265625
8 0.00019252300262451172
8 1.5974044799804688e-05
- 5.364418029785156e-05
3 0.0003514289855957031
5 3.981590270996094e-05
3 9.5367431640625e-06
- 1.3470649719238281e-05
1 6.127357482910156e-05
2 2.4080276489257812e-05
9 1.728534698486328e-05
9 6.687641143798828e-05
▁ 0.01194000244140625
8 0.00205230712890625
8 0.00018477439880371094
8 1.5020370483398438e-05
- 5.638599395751953e-05
3 0.0003376007080078125
5 4.410743713378906e-05
3 1.0609626770019531e-05
- 1.4662742614746094e-05
1 6.330013275146484e-05
2 2.7298927307128906e-05
9 1.7642974853515625e-05
9 7.653236389160156e-05
▁ 0.01155853271484375
8 0.002063751220703125
8 0.00019156932830810547
8 1.4901161193847656e-05
- 5.4717063903808594e-05
3 0.00041031837463378906
5 5.054473876953125e-05
3 1.1563301086425781e-05
- 1.609325408935547e-05
1 6.961822509765625e-05
2 2.765655517578125e-05
9 1.8477439880371094e-05
9 7.700920104980469e-05
<0x0A> 5.73046875
She 2.943359375
▁whisper 11.890625
ed 0.004970550537109375
, 1.0595703125
▁" 1.255859375
I 1.1298828125
' 1.29296875
ve 2.2421875
▁lost 2.17578125
▁everything 2.240234375
, 2.20703125
▁and 1.7119140625
▁I 0.5380859375
▁don 1.6220703125
' 0.00782012939453125
t 0.00014698505401611328
▁know 0.26025390625
▁how 1.2314453125
▁to 1.23828125
▁get 2.427734375
▁back 1.140625
." 3.431640625
<0x0A> 0.2174072265625
With 5.16015625
out 1.6953125
▁hes 1.4638671875
itation 0.1964111328125
, 0.05426025390625
▁I 0.361328125
▁sat 6.171875
▁beside 2.9296875
▁her 0.053314208984375
▁on 2.705078125
▁the 0.1329345703125
▁worn 7.4921875
- 1.828125
out 0.0712890625
▁c 0.8408203125
ouch 0.0117950439453125
, 1.7919921875
▁letting 7.265625
▁her 0.46484375
▁gr 6.51171875
ief 0.64990234375
▁and 3.0546875
▁pain 2.03515625
▁consume 3.576171875
▁the 3.98046875
▁space 1.9375
▁between 0.3408203125
▁us 0.0295867919921875
. 0.12005615234375
<0x0A> 0.81494140625
I 1.3720703125
▁pulled 5.296875
▁her 0.8564453125
▁into 1.3447265625
▁a 1.1962890625
▁comfort 4.35546875
ing 0.003322601318359375
▁em 0.99462890625
brace 3.838539123535156e-05
, 0.81494140625
▁saying 4.9609375
▁" 3.931640625
when 7.73046875
▁you 1.0791015625
▁can 4.61328125
' 0.41357421875
t 0.00021839141845703125
▁look 5.6796875
▁on 2.8203125
▁the 0.02166748046875
▁bright 0.1846923828125
▁side 0.006343841552734375
, 0.26318359375
▁I 0.82568359375
▁will 1.4541015625
▁sit 5.78515625
▁with 0.6494140625
▁you 0.01531982421875
▁in 0.603515625
▁the 0.25341796875
▁dark 0.63037109375
." 0.55517578125
<0x0A> 0.09271240234375
Days 6.7421875
▁turned 1.6416015625
▁into 0.2227783203125
▁weeks 0.2237548828125
, 0.4921875
▁and 0.373046875
▁weeks 1.421875
▁turned 0.5224609375
▁into 0.03729248046875
▁months 0.06982421875
. 0.48828125
▁I 2.517578125
▁became 2.955078125
▁Emma 9.8046875
' 0.155029296875
s 0.00043320655822753906
▁constant 2.7421875
▁companion 0.68603515625
▁throughout 5.9921875
▁her 0.454345703125
▁journey 2.041015625
▁of 1.11328125
▁self 1.8515625
- 0.01128387451171875
dis 0.22216796875
cover 0.00035858154296875
y 0.000537872314453125
. 0.5810546875
▁We 2.7578125
▁del 6.58984375
ved 0.0026149749755859375
▁into 0.462158203125
▁the 1.4716796875
▁depth 1.0849609375
s 0.00417327880859375
▁of 0.01093292236328125
▁her 0.2373046875
▁sorrow 4.5703125
, 0.7001953125
▁un 2.615234375
ra 2.580078125
vel 0.0228424072265625
ing 0.003757476806640625
▁the 0.6142578125
▁tang 2.8046875
led 0.0146942138671875
▁thoughts 4.70703125
▁that 0.802734375
▁consum 5.0625
ed 8.368492126464844e-05
▁her 0.0071868896484375
. 0.7314453125
▁I 2.87890625
▁listened 1.892578125
▁without 2.64453125
▁judgment 0.4404296875
, 0.37109375
▁allowing 2.1015625
▁her 0.0806884765625
▁to 0.059539794921875
▁release 3.7109375
▁her 0.6435546875
▁fear 2.71484375
s 0.1190185546875
▁and 0.1976318359375
▁inse 1.6884765625
cur 8.344650268554688e-06
ities 9.655952453613281e-06
. 0.57177734375
▁T 3.978515625
ogether 0.009368896484375
, 0.053070068359375
▁we 0.0038089752197265625
▁disse 9.8046875
cted 0.0006914138793945312
▁her 0.798828125
▁fail 3.5625
ures 0.0215606689453125
, 0.8876953125
▁searching 4.9609375
▁for 0.0019702911376953125
▁the 0.42431640625
▁valuable 6.3359375
▁less 0.06353759765625
ons 0.011962890625
▁hidden 2.265625
▁within 0.468017578125
▁the 3.009765625
▁pain 1.87890625
. 0.03936767578125
<0x0A> 0.28369140625
As 1.5556640625
▁time 1.880859375
▁passed 0.10791015625
, 0.0195159912109375
▁Emma 0.728515625
' 1.3330078125
s 8.380413055419922e-05
▁g 4.5078125
list 4.921875
ening 0.003208160400390625
▁eyes 0.385009765625
▁began 1.6015625
▁to 0.00612640380859375
▁reg 4.03125
ain 0.0007996559143066406
▁their 0.1934814453125
▁spark 1.09765625
le 0.302001953125
. 0.297119140625
▁She 0.984375
▁discovered 3.80078125
▁her 1.5400390625
▁strength 2.658203125
▁lay 6.79296875
▁not 1.33984375
▁in 0.04693603515625
▁pret 6.55078125
ending 0.0252685546875
▁to 1.0390625
▁be 0.06787109375
▁un 4.84765625
break 0.85693359375
able 0.0005855560302734375
, 0.58642578125
▁but 0.0203857421875
▁in 0.2056884765625
▁accepting 2.44140625
▁her 0.642578125
▁vulner 0.63818359375
ability 0.330810546875
. 0.857421875
▁She 0.83349609375
▁learned 1.138671875
▁that 1.244140625
▁it 2.46875
▁was 0.53564453125
▁okay 0.292724609375
▁to 0.02069091796875
▁lean 4.86328125
▁on 0.045623779296875
▁others 0.4150390625
▁when 1.951171875
▁darkness 6.92578125
▁threatened 1.361328125
▁to 0.0224151611328125
▁eng 2.185546875
ulf 0.00010097026824951172
▁her 0.010040283203125
. 0.140869140625
<0x0A> 1.134765625
One 2.02734375
▁evening 2.796875
, 0.05279541015625
▁a 4.9140625
▁fier 6.97265625
y 1.0498046875
▁sun 0.84375
set 0.04046630859375
▁painted 1.9052734375
▁the 0.1253662109375
▁sky 0.2215576171875
▁with 1.4208984375
▁h 2.87109375
ues 0.0003445148468017578
▁of 0.00698089599609375
▁crim 2.6953125
son 8.106231689453125e-06
▁and 0.1732177734375
▁gold 0.44677734375
. 0.32177734375
▁Emma 0.76171875
▁s 6.01953125
ighed 0.407470703125
▁content 2.1796875
edly 0.001556396484375
▁as 0.66259765625
▁she 0.4169921875
▁lean 5.0234375
ed 2.7179718017578125e-05
▁against 0.3232421875
▁me 1.203125
. 1.6787109375
<0x0A> 1.7255859375
" 0.365478515625
Thank 2.87890625
▁you 0.0027904510498046875
▁for 1.083984375
▁sitting 1.7060546875
▁with 0.1597900390625
▁me 0.0004067420959472656
▁in 0.2413330078125
▁the 0.0260162353515625
▁dark 0.0946044921875
," 0.337646484375
▁she 0.03009033203125
▁whisper 0.366943359375
ed 4.1961669921875e-05
▁sin 7.63671875
cer 0.0005350112915039062
ely 0.0007214546203613281
. 0.10064697265625
▁" 1.0478515625
You 1.142578125
▁gave 3.28125
▁me 0.008697509765625
▁the 0.349365234375
▁courage 0.305908203125
▁to 0.0325927734375
▁face 1.2783203125
▁my 0.3896484375
▁dem 1.8583984375
ons 0.0003075599670410156
▁and 0.6953125
▁redis 4.9453125
cover 1.633167266845703e-05
▁my 0.74462890625
▁light 1.533203125
." 0.1561279296875
<0x0A> 0.05645751953125
A 4.51953125
▁te 2.734375
ar 0.0125274658203125
▁wel 4.4375
led 1.704692840576172e-05
▁in 0.69140625
▁my 0.3798828125
▁eye 0.03704833984375
, 1.54296875
▁reflect 3.84375
ing 0.0006814002990722656
▁the 0.2191162109375
▁prof 7.34765625
ound 0.054168701171875
▁bond 4.12109375
▁that 1.8955078125
▁had 0.59814453125
▁formed 0.4853515625
▁during 5.734375
▁those 2.640625
▁tum 3.892578125
ult 6.198883056640625e-05
uous 0.00079345703125
▁months 0.56591796875
. 0.0247039794921875
▁We 2.46484375
▁walked 4.32421875
▁hand 0.44970703125
▁in 0.7919921875
▁hand 0.000621795654296875
, 1.1005859375
▁no 5.90625
▁longer 0.01342010498046875
▁afraid 0.76171875
▁of 0.1585693359375
▁the 0.12744140625
▁sh 1.4951171875
adows 0.0007390975952148438
, 2.703125
▁but 0.8330078125
▁grateful 3.900390625
▁for 0.205810546875
▁the 0.130859375
▁less 1.0888671875
ons 0.003551483154296875
▁they 0.33056640625
▁taught 1.1689453125
▁us 0.338623046875
. 0.205322265625
<0x0A> 0.1759033203125
Em 2.66015625
ma 0.01139068603515625
' 1.150390625
s 0.00024378299713134766
▁transformation 2.8828125
▁served 4.67578125
▁as 0.0067596435546875
▁a 0.040313720703125
▁constant 4.921875
▁rem 0.017822265625
inder 3.135204315185547e-05
▁that 0.552734375
▁there 3.998046875
▁is 0.2235107421875
▁strength 4.48828125
▁in 0.04071044921875
▁vulner 0.143310546875
ability 0.0003223419189453125
, 1.1806640625
▁love 6.30859375
▁in 0.0182952880859375
▁darkness 4.05078125
, 0.0345458984375
▁and 0.004016876220703125
▁hope 0.5107421875
▁in 0.0712890625
▁the 1.4873046875
▁depth 3.0078125
s 0.020660400390625
▁of 0.0052032470703125
▁desp 0.050933837890625
air 5.4836273193359375e-06
. 0.003925323486328125
▁We 2.91015625
▁no 6.26953125
▁longer 0.00018513202667236328
▁fe 0.9521484375
ared 0.00015556812286376953
▁the 0.08465576171875
▁unknown 1.607421875
, 0.25537109375
▁for 2.625
▁we 0.20361328125
▁knew 0.890625
▁that 0.333984375
▁even 2.99609375
▁in 0.31982421875
▁life 5.94921875
' 0.00412750244140625
s 6.413459777832031e-05
▁dark 0.21728515625
est 0.004039764404296875
▁moments 0.3271484375
, 0.0023746490478515625
▁we 1.11328125
▁had 2.236328125
▁each 0.673828125
▁other 0.0007510185241699219
. 0.445068359375
▁And 4.73828125
▁that 0.97265625
, 1.3173828125
▁in 1.951171875
▁itself 0.31591796875
, 0.0012273788452148438
▁was 0.06427001953125
▁the 2.787109375
▁bright 0.8935546875
est 0.08050537109375
▁light 0.1787109375
▁of 1.0
▁all 0.014923095703125
. 0.01214599609375
