▁Information 8.625
▁ 7.02734375
8 4.4453125
8 3.048828125
8 1.0029296875
- 0.73583984375
2 2.05078125
8 2.291015625
2 2.166015625
- 0.033538818359375
0 2.4140625
4 1.3203125
7 0.407958984375
6 0.7314453125
▁ 3.142578125
8 0.9443359375
8 0.464111328125
8 0.0024013519287109375
- 0.0192413330078125
2 0.1341552734375
8 0.0295867919921875
2 0.01294708251953125
- 0.0023937225341796875
0 0.017120361328125
4 0.01047515869140625
7 0.017822265625
6 0.0413818359375
▁ 2.123046875
8 0.2054443359375
8 0.099853515625
8 0.00046133995056152344
- 0.013427734375
2 0.0299072265625
8 0.007465362548828125
2 0.003589630126953125
- 0.002353668212890625
0 0.00862884521484375
4 0.00472259521484375
7 0.0038318634033203125
6 0.007781982421875
▁ 0.50439453125
8 0.059417724609375
8 0.0261688232421875
8 0.00025463104248046875
- 0.003986358642578125
2 0.0106658935546875
8 0.0053863525390625
2 0.0010042190551757812
- 0.0012254714965820312
0 0.0036296844482421875
4 0.001911163330078125
7 0.0015420913696289062
6 0.0034046173095703125
▁ 0.330078125
8 0.0357666015625
8 0.01247406005859375
8 0.00022673606872558594
- 0.002109527587890625
2 0.00565338134765625
8 0.003856658935546875
2 0.0004820823669433594
- 0.0010204315185546875
0 0.0018033981323242188
4 0.0009584426879882812
7 0.0008397102355957031
6 0.002079010009765625
▁ 0.163818359375
8 0.021209716796875
8 0.006343841552734375
8 0.00015628337860107422
- 0.0011644363403320312
2 0.0030956268310546875
8 0.001705169677734375
2 0.00021386146545410156
- 0.0007224082946777344
0 0.0011348724365234375
4 0.0006031990051269531
7 0.00051116943359375
6 0.00157928466796875
▁ 0.12225341796875
8 0.0159149169921875
8 0.005260467529296875
8 0.0001169443130493164
- 0.0009336471557617188
2 0.0023193359375
8 0.0005717277526855469
2 0.00014901161193847656
- 0.0005393028259277344
0 0.0009169578552246094
4 0.0005030632019042969
7 0.0004222393035888672
6 0.0014009475708007812
▁ 0.10931396484375
8 0.01239776611328125
8 0.004055023193359375
8 9.40561294555664e-05
- 0.000736236572265625
2 0.00188446044921875
8 0.0004405975341796875
2 0.00011801719665527344
- 0.00045943260192871094
0 0.0006947517395019531
4 0.00039267539978027344
7 0.00034928321838378906
6 0.0012035369873046875
▁ 0.1063232421875
8 0.01039886474609375
8 0.0032901763916015625
8 8.0108642578125e-05
- 0.0005974769592285156
2 0.001468658447265625
8 0.00032067298889160156
2 9.322166442871094e-05
- 0.0004146099090576172
0 0.0005431175231933594
4 0.0003218650817871094
7 0.00030159950256347656
6 0.001079559326171875
▁ 0.0926513671875
8 0.0089263916015625
8 0.002552032470703125
8 7.164478302001953e-05
- 0.00044727325439453125
2 0.0012845993041992188
8 0.000293731689453125
2 8.094310760498047e-05
- 0.00037550926208496094
0 0.0004458427429199219
4 0.0002777576446533203
7 0.00027632713317871094
6 0.0009632110595703125
▁ 0.08587646484375
8 0.00827789306640625
8 0.0022869110107421875
8 6.0558319091796875e-05
- 0.0003628730773925781
2 0.0011720657348632812
8 0.0005326271057128906
2 8.118152618408203e-05
- 0.0003066062927246094
0 0.0004019737243652344
4 0.00026297569274902344
7 0.0002512931823730469
6 0.000827789306640625
▁ 0.078125
8 0.007366180419921875
8 0.0019989013671875
8 4.875659942626953e-05
- 0.0002894401550292969
2 0.001033782958984375
8 0.0005846023559570312
2 7.975101470947266e-05
- 0.00023937225341796875
0 0.0003731250762939453
4 0.000247955322265625
7 0.0002237558364868164
6 0.0007033348083496094
▁ 0.072509765625
8 0.006618499755859375
8 0.0016927719116210938
8 4.1484832763671875e-05
- 0.00023376941680908203
2 0.0008606910705566406
8 0.000583648681640625
2 6.67572021484375e-05
- 0.0002334117889404297
0 0.0003178119659423828
4 0.00021922588348388672
7 0.00018775463104248047
6 0.0006122589111328125
▁ 0.0665283203125
8 0.006160736083984375
8 0.0014753341674804688
8 3.6597251892089844e-05
- 0.00018358230590820312
2 0.0007734298706054688
8 0.000308990478515625
2 5.4955482482910156e-05
- 0.00019121170043945312
0 0.0002810955047607422
4 0.00019669532775878906
7 0.00017833709716796875
6 0.0005578994750976562
▁ 0.057464599609375
8 0.0055999755859375
8 0.0014171600341796875
8 3.540515899658203e-05
- 0.00017845630645751953
2 0.0006875991821289062
8 0.00040531158447265625
2 5.900859832763672e-05
- 0.00018358230590820312
0 0.0002627372741699219
4 0.00020003318786621094
7 0.0001729726791381836
6 0.0005369186401367188
▁ 0.05194091796875
8 0.00493621826171875
8 0.0011920928955078125
8 3.230571746826172e-05
- 0.0001628398895263672
2 0.0006108283996582031
8 0.00034737586975097656
2 5.412101745605469e-05
- 0.0001614093780517578
0 0.00024259090423583984
4 0.00019502639770507812
7 0.00016295909881591797
6 0.0004949569702148438
▁ 0.04913330078125
8 0.004638671875
8 0.0011167526245117188
8 3.3020973205566406e-05
- 0.00014770030975341797
2 0.0005660057067871094
8 0.00016069412231445312
2 4.124641418457031e-05
- 0.0001628398895263672
0 0.00022220611572265625
4 0.0001703500747680664
7 0.00014710426330566406
6 0.0004525184631347656
▁ 0.045928955078125
8 0.004146575927734375
8 0.0009465217590332031
8 2.9921531677246094e-05
- 0.0001207590103149414
2 0.00046539306640625
8 0.0001590251922607422
2 3.731250762939453e-05
- 0.00013005733489990234
0 0.0001976490020751953
4 0.00015234947204589844
7 0.0001348257064819336
6 0.0004067420959472656
▁ 0.04241943359375
8 0.0036144256591796875
8 0.0008726119995117188
8 2.777576446533203e-05
- 0.00010752677917480469
2 0.0004265308380126953
8 9.930133819580078e-05
2 3.0040740966796875e-05
- 0.00012969970703125
0 0.00016808509826660156
4 0.00013566017150878906
7 0.00012373924255371094
6 0.0003647804260253906
▁ 0.03924560546875
8 0.0033817291259765625
8 0.0008091926574707031
8 2.6941299438476562e-05
- 0.00010395050048828125
2 0.00041556358337402344
8 0.0003266334533691406
2 4.279613494873047e-05
- 0.00013327598571777344
0 0.00016736984252929688
4 0.00014328956604003906
7 0.0001226663589477539
6 0.0003483295440673828
▁ 0.03814697265625
8 0.0034236907958984375
8 0.0007586479187011719
8 2.3603439331054688e-05
- 9.799003601074219e-05
2 0.0003781318664550781
8 0.0002467632293701172
2 3.6716461181640625e-05
- 0.00012254714965820312
0 0.00017499923706054688
4 0.0001341104507446289
7 0.00011992454528808594
6 0.0003421306610107422
▁ 0.038177490234375
8 0.003414154052734375
8 0.0007014274597167969
8 2.2411346435546875e-05
- 9.012222290039062e-05
2 0.00034809112548828125
8 0.00014019012451171875
2 2.9087066650390625e-05
- 9.644031524658203e-05
0 0.00016069412231445312
4 0.00012063980102539062
7 0.00011241436004638672
6 0.00031948089599609375
▁ 0.036895751953125
8 0.003299713134765625
8 0.0007328987121582031
8 2.002716064453125e-05
- 8.20159912109375e-05
2 0.00034165382385253906
8 8.52346420288086e-05
2 2.4199485778808594e-05
- 8.702278137207031e-05
0 0.00014925003051757812
4 0.00010728836059570312
7 0.00010788440704345703
6 0.0002913475036621094
▁ 0.03515625
8 0.0030040740966796875
8 0.000682830810546875
8 1.8835067749023438e-05
- 7.617473602294922e-05
2 0.00034737586975097656
8 7.545948028564453e-05
2 2.288818359375e-05
- 6.723403930664062e-05
0 0.0001423358917236328
4 0.00010907649993896484
7 0.00010597705841064453
6 0.00029277801513671875
▁ 0.034820556640625
8 0.0028533935546875
8 0.0006394386291503906
8 1.71661376953125e-05
- 6.866455078125e-05
2 0.0003235340118408203
8 0.0001900196075439453
2 3.075599670410156e-05
- 8.7738037109375e-05
0 0.00014352798461914062
4 0.00010704994201660156
7 0.00010609626770019531
6 0.0002734661102294922
▁ 0.033538818359375
8 0.002643585205078125
8 0.0005960464477539062
8 1.609325408935547e-05
- 6.473064422607422e-05
2 0.0003159046173095703
8 0.00011169910430908203
2 2.4080276489257812e-05
- 6.663799285888672e-05
0 0.00013065338134765625
4 9.870529174804688e-05
7 9.560585021972656e-05
6 0.0002503395080566406
▁ 0.031341552734375
8 0.002532958984375
8 0.000545501708984375
8 1.4662742614746094e-05
- 5.9723854064941406e-05
2 0.0002906322479248047
8 0.000102996826171875
2 2.2649765014648438e-05
- 6.377696990966797e-05
0 0.00011944770812988281
4 9.906291961669922e-05
7 9.274482727050781e-05
6 0.00022876262664794922
▁ 0.029449462890625
8 0.0025081634521484375
8 0.00048828125
8 1.3828277587890625e-05
- 5.328655242919922e-05
2 0.0002665519714355469
8 6.639957427978516e-05
2 1.823902130126953e-05
- 6.079673767089844e-05
0 0.0001055002212524414
4 9.21487808227539e-05
7 8.320808410644531e-05
6 0.00021195411682128906
▁ 0.029083251953125
8 0.0024204254150390625
8 0.0004916191101074219
8 1.3828277587890625e-05
- 5.412101745605469e-05
2 0.0002589225769042969
8 9.500980377197266e-05
2 1.990795135498047e-05
- 6.985664367675781e-05
0 0.00010323524475097656
4 8.547306060791016e-05
7 7.545948028564453e-05
6 0.00020205974578857422
▁ 0.027618408203125
8 0.0022792816162109375
8 0.0004506111145019531
8 1.2755393981933594e-05
- 4.756450653076172e-05
2 0.00023508071899414062
8 7.426738739013672e-05
2 1.621246337890625e-05
- 6.186962127685547e-05
0 9.310245513916016e-05
4 7.891654968261719e-05
7 6.890296936035156e-05
6 0.0001825094223022461
▁ 0.025909423828125
8 0.0021648406982421875
8 0.00043082237243652344
8 1.2516975402832031e-05
- 4.5418739318847656e-05
2 0.00022852420806884766
8 9.66787338256836e-05
2 1.811981201171875e-05
- 5.257129669189453e-05
0 9.09566879272461e-05
4 8.130073547363281e-05
7 7.545948028564453e-05
6 0.00018262863159179688
▁ 0.0244903564453125
8 0.0020809173583984375
8 0.00040650367736816406
8 1.239776611328125e-05
- 4.744529724121094e-05
2 0.00023031234741210938
8 7.784366607666016e-05
2 1.6808509826660156e-05
- 5.340576171875e-05
0 9.047985076904297e-05
4 8.416175842285156e-05
7 7.796287536621094e-05
6 0.00019156932830810547
▁ 0.0252685546875
8 0.001979827880859375
8 0.0004067420959472656
8 1.1563301086425781e-05
- 4.851818084716797e-05
2 0.00024080276489257812
8 5.2094459533691406e-05
2 1.3947486877441406e-05
- 6.330013275146484e-05
0 8.845329284667969e-05
4 7.855892181396484e-05
7 7.474422454833984e-05
6 0.00017833709716796875
▁ 0.02496337890625
8 0.0019102096557617188
8 0.0003719329833984375
8 1.1086463928222656e-05
- 4.7087669372558594e-05
2 0.00023055076599121094
8 5.328655242919922e-05
2 1.4185905456542969e-05
- 5.2094459533691406e-05
0 8.58306884765625e-05
4 7.68899917602539e-05
7 6.80685043334961e-05
6 0.00016689300537109375
▁ 0.0235595703125
8 0.0018634796142578125
8 0.0003731250762939453
8 1.049041748046875e-05
- 4.2319297790527344e-05
2 0.00023221969604492188
8 4.4345855712890625e-05
2 1.3709068298339844e-05
- 4.76837158203125e-05
0 8.571147918701172e-05
4 7.033348083496094e-05
7 6.496906280517578e-05
6 0.00016355514526367188
▁ 0.0225067138671875
8 0.0018148422241210938
8 0.0003695487976074219
8 1.0371208190917969e-05
- 4.1961669921875e-05
2 0.00023603439331054688
8 7.37905502319336e-05
2 1.5854835510253906e-05
- 4.279613494873047e-05
0 8.869171142578125e-05
4 7.772445678710938e-05
7 6.818771362304688e-05
6 0.00015997886657714844
▁ 0.0218048095703125
8 0.001781463623046875
8 0.00035500526428222656
8 9.894371032714844e-06
- 3.933906555175781e-05
2 0.00023818016052246094
8 4.172325134277344e-05
2 1.239776611328125e-05
- 3.814697265625e-05
0 9.02414321899414e-05
4 7.56978988647461e-05
7 6.783008575439453e-05
6 0.00014781951904296875
▁ 0.0211181640625
8 0.0017042160034179688
8 0.0003440380096435547
8 9.655952453613281e-06
- 3.802776336669922e-05
2 0.0002353191375732422
8 4.0531158447265625e-05
2 1.1324882507324219e-05
- 3.7789344787597656e-05
0 8.118152618408203e-05
4 6.973743438720703e-05
7 6.401538848876953e-05
6 0.0001436471939086914
▁ 0.0207061767578125
8 0.0017137527465820312
8 0.0003314018249511719
8 8.702278137207031e-06
- 3.5762786865234375e-05
2 0.00022113323211669922
8 3.743171691894531e-05
2 1.0371208190917969e-05
- 3.886222839355469e-05
0 7.37905502319336e-05
4 5.984306335449219e-05
7 5.888938903808594e-05
6 0.0001310110092163086
▁ 0.020111083984375
8 0.0017213821411132812
8 0.0003159046173095703
8 8.463859558105469e-06
- 3.5643577575683594e-05
2 0.0002205371856689453
8 3.3020973205566406e-05
2 1.0132789611816406e-05
- 3.7789344787597656e-05
0 7.200241088867188e-05
4 5.841255187988281e-05
7 5.698204040527344e-05
6 0.00012922286987304688
▁ 0.019805908203125
8 0.0017633438110351562
8 0.00032138824462890625
8 8.225440979003906e-06
- 3.4689903259277344e-05
2 0.00021588802337646484
8 3.612041473388672e-05
2 1.0013580322265625e-05
- 3.445148468017578e-05
0 7.11679458618164e-05
4 5.5909156799316406e-05
7 5.424022674560547e-05
6 0.00011980533599853516
▁ 0.0200347900390625
8 0.0016736984252929688
8 0.0002853870391845703
8 7.62939453125e-06
- 3.3020973205566406e-05
2 0.00020837783813476562
8 3.898143768310547e-05
2 9.5367431640625e-06
- 3.0040740966796875e-05
0 6.73532485961914e-05
4 5.2928924560546875e-05
7 4.9591064453125e-05
6 0.00010979175567626953
▁ 0.019927978515625
8 0.0016717910766601562
8 0.0002589225769042969
8 7.033348083496094e-06
- 3.0994415283203125e-05
2 0.00020229816436767578
8 3.8623809814453125e-05
2 9.417533874511719e-06
- 3.123283386230469e-05
0 6.389617919921875e-05
4 4.9233436584472656e-05
7 4.601478576660156e-05
6 0.0001081228256225586
▁ 0.0196685791015625
8 0.0016431808471679688
8 0.00024819374084472656
8 6.9141387939453125e-06
- 3.2067298889160156e-05
2 0.00018906593322753906
8 3.826618194580078e-05
2 8.702278137207031e-06
- 3.719329833984375e-05
0 5.6624412536621094e-05
4 4.482269287109375e-05
7 4.220008850097656e-05
6 0.00010275840759277344
▁ 0.0192413330078125
8 0.001621246337890625
8 0.00024127960205078125
8 6.556510925292969e-06
- 3.0994415283203125e-05
2 0.00018858909606933594
8 3.0279159545898438e-05
2 8.344650268554688e-06
- 2.9802322387695312e-05
0 5.519390106201172e-05
4 4.315376281738281e-05
7 4.0650367736816406e-05
6 9.644031524658203e-05
▁ 0.0186767578125
8 0.001628875732421875
8 0.00024771690368652344
8 6.794929504394531e-06
- 2.9802322387695312e-05
2 0.0001939535140991211
8 2.5272369384765625e-05
2 8.225440979003906e-06
- 3.695487976074219e-05
0 5.3882598876953125e-05
4 4.398822784423828e-05
7 4.0411949157714844e-05
6 9.298324584960938e-05
▁ 0.01873779296875
8 0.0016088485717773438
8 0.00025343894958496094
8 6.794929504394531e-06
- 3.0040740966796875e-05
2 0.00019049644470214844
8 2.7179718017578125e-05
2 8.463859558105469e-06
- 3.3020973205566406e-05
0 5.364418029785156e-05
4 4.208087921142578e-05
7 4.112720489501953e-05
6 9.548664093017578e-05
▁ 0.0180206298828125
8 0.0015249252319335938
8 0.00025200843811035156
8 6.556510925292969e-06
- 2.9802322387695312e-05
2 0.0001976490020751953
8 4.1961669921875e-05
2 1.0251998901367188e-05
- 3.9458274841308594e-05
0 5.3882598876953125e-05
4 4.506111145019531e-05
7 4.1961669921875e-05
6 9.310245513916016e-05
▁ 0.0172271728515625
8 0.0014848709106445312
8 0.000247955322265625
8 6.318092346191406e-06
- 2.872943878173828e-05
2 0.00019109249114990234
8 5.0067901611328125e-05
2 1.0848045349121094e-05
- 3.0279159545898438e-05
0 5.555152893066406e-05
4 4.398822784423828e-05
7 4.088878631591797e-05
6 9.047985076904297e-05
▁ 0.0175018310546875
8 0.0014743804931640625
8 0.00023937225341796875
8 6.198883056640625e-06
- 2.7179718017578125e-05
2 0.00017595291137695312
8 4.792213439941406e-05
2 1.0371208190917969e-05
- 2.384185791015625e-05
0 5.53131103515625e-05
4 4.374980926513672e-05
7 3.9577484130859375e-05
6 9.012222290039062e-05
▁ 0.0177001953125
8 0.0014743804931640625
8 0.00022554397583007812
8 5.841255187988281e-06
- 2.562999725341797e-05
2 0.00018405914306640625
8 6.914138793945312e-05
2 1.1920928955078125e-05
- 2.5033950805664062e-05
0 5.519390106201172e-05
4 3.9577484130859375e-05
7 3.7550926208496094e-05
6 8.45193862915039e-05
▁ 0.0174560546875
8 0.001537322998046875
8 0.00022733211517333984
8 6.079673767089844e-06
- 2.491474151611328e-05
2 0.00017631053924560547
8 2.384185791015625e-05
2 7.748603820800781e-06
- 3.254413604736328e-05
0 4.971027374267578e-05
4 3.600120544433594e-05
7 3.540515899658203e-05
6 8.07046890258789e-05
▁ 0.016876220703125
8 0.0016145706176757812
8 0.00022852420806884766
8 5.7220458984375e-06
- 2.4557113647460938e-05
2 0.0001704692840576172
8 3.993511199951172e-05
2 9.179115295410156e-06
- 2.6702880859375e-05
0 4.76837158203125e-05
4 3.5881996154785156e-05
7 3.600120544433594e-05
6 7.975101470947266e-05
▁ 0.0169219970703125
8 0.0016660690307617188
8 0.00021564960479736328
8 5.602836608886719e-06
- 2.4080276489257812e-05
2 0.00015354156494140625
8 2.753734588623047e-05
2 7.510185241699219e-06
- 3.349781036376953e-05
0 4.673004150390625e-05
4 3.3736228942871094e-05
7 3.4809112548828125e-05
6 8.118152618408203e-05
▁ 0.0165252685546875
8 0.0016260147094726562
8 0.0002124309539794922
8 5.602836608886719e-06
- 2.4199485778808594e-05
2 0.00015616416931152344
8 2.1576881408691406e-05
2 6.9141387939453125e-06
- 2.6345252990722656e-05
0 4.565715789794922e-05
4 3.135204315185547e-05
7 3.409385681152344e-05
6 7.843971252441406e-05
▁ 0.01617431640625
8 0.0014801025390625
8 0.00019550323486328125
8 5.245208740234375e-06
- 2.3365020751953125e-05
2 0.00014829635620117188
8 2.276897430419922e-05
2 6.9141387939453125e-06
- 3.147125244140625e-05
0 4.661083221435547e-05
4 3.361701965332031e-05
7 3.445148468017578e-05
6 8.249282836914062e-05
▁ 0.01560211181640625
8 0.0014123916625976562
8 0.00019252300262451172
8 5.364418029785156e-06
- 2.2411346435546875e-05
2 0.00015091896057128906
8 1.9550323486328125e-05
2 6.67572021484375e-06
- 3.3020973205566406e-05
0 4.696846008300781e-05
4 3.349781036376953e-05
7 3.409385681152344e-05
6 8.308887481689453e-05
<0x0A> 4.453125
The 3.625
▁latest 6.40625
▁processes 12.0
▁in 1.9248046875
▁cultural 10.859375
▁change 3.326171875
▁show 7.7109375
▁that 0.85009765625
▁both 6.4375
▁sides 4.296875
▁of 1.185546875
▁the 0.50634765625
▁argument 4.17578125
▁have 2.01171875
▁reasonable 6.48828125
▁grounds 2.3203125
. 1.5048828125
<0x0A> 1.79296875
The 2.03515625
▁strength 7.65234375
▁of 0.463623046875
▁local 7.5859375
▁cult 3.64453125
ures 0.0012331008911132812
▁is 1.3447265625
▁seen 4.48828125
▁as 0.87841796875
▁more 4.81640625
▁comp 6.234375
elling 0.02734375
▁by 2.53125
▁the 1.9169921875
▁other 6.6484375
▁side 0.5927734375
. 1.22265625
<0x0A> 1.091796875
The 1.4697265625
▁host 8.28125
▁cult 4.37890625
ures 0.0035648345947265625
▁know 7.15625
▁the 1.9755859375
▁history 4.74609375
▁of 0.6708984375
▁the 1.158203125
▁cultural 5.31640625
▁clusters 9.6875
. 2.060546875
