▁The 3.169921875
▁ 3.583984375
8 3.560546875
8 3.548828125
8 2.423828125
- 2.830078125
3 3.25390625
4 2.298828125
9 2.05078125
- 0.06787109375
8 2.37109375
8 0.1754150390625
8 1.1591796875
4 4.203125
▁ 5.98046875
8 1.80859375
8 0.314697265625
8 0.006923675537109375
- 0.233154296875
3 0.11956787109375
4 0.035552978515625
9 0.010772705078125
- 0.06146240234375
8 0.061431884765625
8 0.02471923828125
8 0.02886962890625
4 0.2149658203125
▁ 2.169921875
8 0.1524658203125
8 0.03369140625
8 0.0016384124755859375
- 0.05419921875
3 0.038116455078125
4 0.018646240234375
9 0.006072998046875
- 0.007556915283203125
8 0.0229034423828125
8 0.007053375244140625
8 0.00583648681640625
4 0.046295166015625
▁ 0.58642578125
8 0.03790283203125
8 0.00827789306640625
8 0.0005054473876953125
- 0.0110015869140625
3 0.01285552978515625
4 0.0050506591796875
9 0.0016717910766601562
- 0.0024394989013671875
8 0.006649017333984375
8 0.0014514923095703125
8 0.0013675689697265625
4 0.0091094970703125
▁ 0.303466796875
8 0.0182342529296875
8 0.004032135009765625
8 0.0002856254577636719
- 0.004413604736328125
3 0.00678253173828125
4 0.0019063949584960938
9 0.0006914138793945312
- 0.0010509490966796875
8 0.0029582977294921875
8 0.0013875961303710938
8 0.000568389892578125
4 0.0030612945556640625
▁ 0.185791015625
8 0.01093292236328125
8 0.0028171539306640625
8 0.00022780895233154297
- 0.0025005340576171875
3 0.00417327880859375
4 0.0010833740234375
9 0.00040030479431152344
- 0.0006098747253417969
8 0.0017290115356445312
8 0.0006222724914550781
8 0.0003192424774169922
4 0.0017881393432617188
▁ 0.1513671875
8 0.00867462158203125
8 0.002109527587890625
8 0.00017309188842773438
- 0.0021152496337890625
3 0.0035152435302734375
4 0.0008206367492675781
9 0.0002932548522949219
- 0.0004558563232421875
8 0.001293182373046875
8 0.0005078315734863281
8 0.00024306774139404297
4 0.0013446807861328125
▁ 0.1234130859375
8 0.00719451904296875
8 0.0015888214111328125
8 0.00013756752014160156
- 0.001522064208984375
3 0.0030975341796875
4 0.0007238388061523438
9 0.00024068355560302734
- 0.00031256675720214844
8 0.0010175704956054688
8 0.0003638267517089844
8 0.00020682811737060547
4 0.0011396408081054688
▁ 0.09759521484375
8 0.0063323974609375
8 0.0013580322265625
8 0.0001316070556640625
- 0.001232147216796875
3 0.002567291259765625
4 0.0005788803100585938
9 0.00020301342010498047
- 0.00021958351135253906
8 0.0008144378662109375
8 0.0003483295440673828
8 0.000171661376953125
4 0.0009946823120117188
▁ 0.0721435546875
8 0.00563812255859375
8 0.0011234283447265625
8 0.00011157989501953125
- 0.0009665489196777344
3 0.0021076202392578125
4 0.0004432201385498047
9 0.00016355514526367188
- 0.00017786026000976562
8 0.0006594657897949219
8 0.0002760887145996094
8 0.00014221668243408203
4 0.0008244514465332031
▁ 0.06317138671875
8 0.00482177734375
8 0.0009918212890625
8 9.226799011230469e-05
- 0.000732421875
3 0.0019102096557617188
4 0.000392913818359375
9 0.00014340877532958984
- 0.00013303756713867188
8 0.0005631446838378906
8 0.00019466876983642578
8 0.00012159347534179688
4 0.0007047653198242188
▁ 0.05706787109375
8 0.0047760009765625
8 0.0009899139404296875
8 7.641315460205078e-05
- 0.0006413459777832031
3 0.0017833709716796875
4 0.0003764629364013672
9 0.00012564659118652344
- 9.47713851928711e-05
8 0.0005254745483398438
8 0.00018596649169921875
8 0.00011301040649414062
4 0.0006775856018066406
▁ 0.055267333984375
8 0.004550933837890625
8 0.0009336471557617188
8 6.937980651855469e-05
- 0.0005598068237304688
3 0.0016384124755859375
4 0.0003409385681152344
9 0.00010943412780761719
- 7.450580596923828e-05
8 0.0005044937133789062
8 0.00013911724090576172
8 9.942054748535156e-05
4 0.0006175041198730469
▁ 0.048248291015625
8 0.0041046142578125
8 0.0008339881896972656
8 5.829334259033203e-05
- 0.0004673004150390625
3 0.0015697479248046875
4 0.0002918243408203125
9 9.429454803466797e-05
- 6.568431854248047e-05
8 0.00045752525329589844
8 0.0001329183578491211
8 9.071826934814453e-05
4 0.0004982948303222656
▁ 0.0435791015625
8 0.0037212371826171875
8 0.0007982254028320312
8 5.5909156799316406e-05
- 0.0004429817199707031
3 0.00127410888671875
4 0.00024962425231933594
9 8.606910705566406e-05
- 6.0558319091796875e-05
8 0.0004138946533203125
8 0.00014269351959228516
8 0.000102996826171875
4 0.0005240440368652344
▁ 0.038970947265625
8 0.0035076141357421875
8 0.0006527900695800781
8 4.971027374267578e-05
- 0.00039768218994140625
3 0.00119781494140625
4 0.00021827220916748047
9 7.390975952148438e-05
- 5.352497100830078e-05
8 0.0003864765167236328
8 0.00012969970703125
8 9.274482727050781e-05
4 0.0004811286926269531
▁ 0.03485107421875
8 0.0032978057861328125
8 0.000591278076171875
8 4.8995018005371094e-05
- 0.00036263465881347656
3 0.0010538101196289062
4 0.00019538402557373047
9 6.651878356933594e-05
- 4.458427429199219e-05
8 0.00035953521728515625
8 9.489059448242188e-05
8 8.845329284667969e-05
4 0.00045371055603027344
▁ 0.0333251953125
8 0.0030460357666015625
8 0.0005092620849609375
8 4.38690185546875e-05
- 0.0002899169921875
3 0.0009031295776367188
4 0.00016736984252929688
9 5.543231964111328e-05
- 3.552436828613281e-05
8 0.0002963542938232422
8 7.224082946777344e-05
8 6.449222564697266e-05
4 0.0003590583801269531
▁ 0.02911376953125
8 0.002777099609375
8 0.0004487037658691406
8 3.8504600524902344e-05
- 0.00023043155670166016
3 0.0007634162902832031
4 0.00013875961303710938
9 4.7206878662109375e-05
- 3.0159950256347656e-05
8 0.00027370452880859375
8 7.30752944946289e-05
8 6.854534149169922e-05
4 0.00034880638122558594
▁ 0.026580810546875
8 0.0026149749755859375
8 0.0004329681396484375
8 3.719329833984375e-05
- 0.0002117156982421875
3 0.00072479248046875
4 0.0001348257064819336
9 4.661083221435547e-05
- 2.5153160095214844e-05
8 0.00026488304138183594
8 8.940696716308594e-05
8 6.532669067382812e-05
4 0.00036025047302246094
▁ 0.024688720703125
8 0.0026302337646484375
8 0.0004146099090576172
8 3.3020973205566406e-05
- 0.00020253658294677734
3 0.0007157325744628906
4 0.00012826919555664062
9 4.2438507080078125e-05
- 2.3126602172851562e-05
8 0.00027251243591308594
8 6.377696990966797e-05
8 6.29425048828125e-05
4 0.00038623809814453125
▁ 0.0234832763671875
8 0.002506256103515625
8 0.00037384033203125
8 3.039836883544922e-05
- 0.0001837015151977539
3 0.0006575584411621094
4 0.00011110305786132812
9 3.826618194580078e-05
- 2.372264862060547e-05
8 0.0002493858337402344
8 6.496906280517578e-05
8 6.330013275146484e-05
4 0.00035691261291503906
▁ 0.022003173828125
8 0.0023937225341796875
8 0.00035262107849121094
8 2.8252601623535156e-05
- 0.00016582012176513672
3 0.0006670951843261719
4 0.00010836124420166016
9 3.695487976074219e-05
- 2.2292137145996094e-05
8 0.00023567676544189453
8 5.0067901611328125e-05
8 4.470348358154297e-05
4 0.0003211498260498047
▁ 0.021209716796875
8 0.002162933349609375
8 0.00031113624572753906
8 2.562999725341797e-05
- 0.00015091896057128906
3 0.0006389617919921875
4 0.00011420249938964844
9 3.635883331298828e-05
- 2.086162567138672e-05
8 0.00023257732391357422
8 4.76837158203125e-05
8 4.506111145019531e-05
4 0.000324249267578125
▁ 0.0203857421875
8 0.0020389556884765625
8 0.00029587745666503906
8 2.47955322265625e-05
- 0.00014221668243408203
3 0.0006208419799804688
4 0.00010466575622558594
9 3.647804260253906e-05
- 1.9669532775878906e-05
8 0.00024068355560302734
8 7.033348083496094e-05
8 6.413459777832031e-05
4 0.0003428459167480469
▁ 0.0198974609375
8 0.0020198822021484375
8 0.0002923011779785156
8 2.4437904357910156e-05
- 0.00013136863708496094
3 0.0006170272827148438
4 0.0001010894775390625
9 3.445148468017578e-05
- 1.8358230590820312e-05
8 0.0002359151840209961
8 7.212162017822266e-05
8 5.519390106201172e-05
4 0.0002818107604980469
▁ 0.0195465087890625
8 0.002010345458984375
8 0.00028324127197265625
8 2.2292137145996094e-05
- 0.00011944770812988281
3 0.0006346702575683594
4 0.00010943412780761719
9 3.4809112548828125e-05
- 1.6927719116210938e-05
8 0.000217437744140625
8 4.744529724121094e-05
8 4.4345855712890625e-05
4 0.00023889541625976562
▁ 0.0182647705078125
8 0.0018749237060546875
8 0.0002579689025878906
8 2.110004425048828e-05
- 0.0001119375228881836
3 0.0006103515625
4 9.846687316894531e-05
9 3.2782554626464844e-05
- 1.5139579772949219e-05
8 0.00020873546600341797
8 4.100799560546875e-05
8 3.552436828613281e-05
4 0.0002372264862060547
▁ 0.01763916015625
8 0.0018215179443359375
8 0.0002562999725341797
8 2.014636993408203e-05
- 0.0001087188720703125
3 0.0005660057067871094
4 9.143352508544922e-05
9 3.1113624572753906e-05
- 1.4185905456542969e-05
8 0.00019085407257080078
8 3.790855407714844e-05
8 3.349781036376953e-05
4 0.00023794174194335938
▁ 0.01763916015625
8 0.0017719268798828125
8 0.00024580955505371094
8 1.811981201171875e-05
- 0.00010037422180175781
3 0.0005412101745605469
4 8.106231689453125e-05
9 2.6464462280273438e-05
- 1.430511474609375e-05
8 0.00017595291137695312
8 3.2901763916015625e-05
8 2.8967857360839844e-05
4 0.00019812583923339844
▁ 0.01605224609375
8 0.0016222000122070312
8 0.0002225637435913086
8 1.6927719116210938e-05
- 8.630752563476562e-05
3 0.0004603862762451172
4 6.818771362304688e-05
9 2.2172927856445312e-05
- 1.4066696166992188e-05
8 0.00015211105346679688
8 2.8848648071289062e-05
8 2.6702880859375e-05
4 0.00016796588897705078
▁ 0.01413726806640625
8 0.0015392303466796875
8 0.00019550323486328125
8 1.5735626220703125e-05
- 8.153915405273438e-05
3 0.00044226646423339844
4 6.711483001708984e-05
9 2.1457672119140625e-05
- 1.2993812561035156e-05
8 0.00014448165893554688
8 3.3974647521972656e-05
8 2.9921531677246094e-05
4 0.00016736984252929688
▁ 0.01358795166015625
8 0.001499176025390625
8 0.00018537044525146484
8 1.4901161193847656e-05
- 8.296966552734375e-05
3 0.00045228004455566406
4 6.699562072753906e-05
9 2.1457672119140625e-05
- 1.3232231140136719e-05
8 0.00015115737915039062
8 2.849102020263672e-05
8 2.6702880859375e-05
4 0.00016260147094726562
▁ 0.01363372802734375
8 0.0014944076538085938
8 0.00017249584197998047
8 1.4185905456542969e-05
- 8.475780487060547e-05
3 0.0004611015319824219
4 6.175041198730469e-05
9 2.1219253540039062e-05
- 1.3947486877441406e-05
8 0.00014841556549072266
8 2.849102020263672e-05
8 2.6941299438476562e-05
4 0.00016355514526367188
▁ 0.01345062255859375
8 0.001476287841796875
8 0.00016033649444580078
8 1.3232231140136719e-05
- 7.867813110351562e-05
3 0.0004210472106933594
4 5.936622619628906e-05
9 1.919269561767578e-05
- 1.3113021850585938e-05
8 0.00014698505401611328
8 2.658367156982422e-05
8 2.467632293701172e-05
4 0.00015854835510253906
▁ 0.012969970703125
8 0.0014123916625976562
8 0.0001443624496459961
8 1.2040138244628906e-05
- 7.474422454833984e-05
3 0.0003962516784667969
4 5.6743621826171875e-05
9 1.823902130126953e-05
- 1.2636184692382812e-05
8 0.00014579296112060547
8 3.6597251892089844e-05
8 3.0279159545898438e-05
4 0.00016200542449951172
▁ 0.01290130615234375
8 0.0014028549194335938
8 0.00014841556549072266
8 1.2040138244628906e-05
- 6.961822509765625e-05
3 0.0003974437713623047
4 5.173683166503906e-05
9 1.7523765563964844e-05
- 1.2040138244628906e-05
8 0.00014638900756835938
8 4.076957702636719e-05
8 3.135204315185547e-05
4 0.00016045570373535156
▁ 0.01290130615234375
8 0.0013904571533203125
8 0.00014710426330566406
8 1.1682510375976562e-05
- 7.092952728271484e-05
3 0.0004062652587890625
4 5.0067901611328125e-05
9 1.6689300537109375e-05
- 1.1444091796875e-05
8 0.00014317035675048828
8 3.528594970703125e-05
8 3.2067298889160156e-05
4 0.00015807151794433594
▁ 0.01277923583984375
8 0.0013761520385742188
8 0.0001354217529296875
8 1.0609626770019531e-05
- 6.687641143798828e-05
3 0.0003936290740966797
4 4.4465065002441406e-05
9 1.537799835205078e-05
- 1.1086463928222656e-05
8 0.00013685226440429688
8 3.0040740966796875e-05
8 2.8371810913085938e-05
4 0.0001308917999267578
▁ 0.01219940185546875
8 0.00128173828125
8 0.00012695789337158203
8 1.0251998901367188e-05
- 6.35385513305664e-05
3 0.0003609657287597656
4 3.9458274841308594e-05
9 1.430511474609375e-05
- 1.0848045349121094e-05
8 0.0001347064971923828
8 2.110004425048828e-05
8 1.9669532775878906e-05
4 0.00012540817260742188
▁ 0.01214599609375
8 0.0012979507446289062
8 0.00013184547424316406
8 1.0013580322265625e-05
- 6.377696990966797e-05
3 0.00035500526428222656
4 4.208087921142578e-05
9 1.4543533325195312e-05
- 9.5367431640625e-06
8 0.00012886524200439453
8 2.1219253540039062e-05
8 1.8596649169921875e-05
4 0.0001232624053955078
▁ 0.01158905029296875
8 0.00121307373046875
8 0.00011837482452392578
8 9.655952453613281e-06
- 5.626678466796875e-05
3 0.0003287792205810547
4 3.731250762939453e-05
9 1.2874603271484375e-05
- 8.821487426757812e-06
8 0.000125885009765625
8 2.014636993408203e-05
8 1.6927719116210938e-05
4 0.00011277198791503906
▁ 0.0111846923828125
8 0.0011425018310546875
8 0.00010907649993896484
8 8.463859558105469e-06
- 5.0902366638183594e-05
3 0.00030732154846191406
4 3.457069396972656e-05
9 1.1563301086425781e-05
- 8.344650268554688e-06
8 0.0001176595687866211
8 1.8596649169921875e-05
8 1.4781951904296875e-05
4 9.739398956298828e-05
▁ 0.0115509033203125
8 0.0011110305786132812
8 9.965896606445312e-05
8 7.748603820800781e-06
- 4.863739013671875e-05
3 0.00027370452880859375
4 3.0040740966796875e-05
9 1.0251998901367188e-05
- 7.867813110351562e-06
8 0.00010561943054199219
8 1.71661376953125e-05
8 1.3232231140136719e-05
4 9.572505950927734e-05
▁ 0.01117706298828125
8 0.0010585784912109375
8 9.78708267211914e-05
8 7.271766662597656e-06
- 4.6253204345703125e-05
3 0.0002720355987548828
4 2.86102294921875e-05
9 9.894371032714844e-06
- 7.271766662597656e-06
8 0.00010287761688232422
8 1.609325408935547e-05
8 1.2516975402832031e-05
4 9.083747863769531e-05
▁ 0.01123809814453125
8 0.001064300537109375
8 0.00010001659393310547
8 7.152557373046875e-06
- 4.374980926513672e-05
3 0.0002758502960205078
4 2.9802322387695312e-05
9 9.417533874511719e-06
- 6.794929504394531e-06
8 0.00010287761688232422
8 1.609325408935547e-05
8 1.2636184692382812e-05
4 8.821487426757812e-05
▁ 0.0113067626953125
8 0.0010290145874023438
8 0.00010323524475097656
8 7.033348083496094e-06
- 4.124641418457031e-05
3 0.0002598762512207031
4 2.8371810913085938e-05
9 9.417533874511719e-06
- 6.67572021484375e-06
8 9.85860824584961e-05
8 1.537799835205078e-05
8 1.2636184692382812e-05
4 9.298324584960938e-05
▁ 0.01081085205078125
8 0.0009794235229492188
8 9.679794311523438e-05
8 6.556510925292969e-06
- 3.898143768310547e-05
3 0.00025773048400878906
4 2.8252601623535156e-05
9 9.655952453613281e-06
- 6.794929504394531e-06
8 0.00010001659393310547
8 1.6927719116210938e-05
8 1.3589859008789062e-05
4 9.644031524658203e-05
▁ 0.01065826416015625
8 0.0009703636169433594
8 9.965896606445312e-05
8 6.556510925292969e-06
- 3.826618194580078e-05
3 0.00025582313537597656
4 2.944469451904297e-05
9 9.894371032714844e-06
- 6.556510925292969e-06
8 0.00010156631469726562
8 1.6570091247558594e-05
8 1.3113021850585938e-05
4 9.85860824584961e-05
▁ 0.01068115234375
8 0.0010089874267578125
8 9.989738464355469e-05
8 6.67572021484375e-06
- 3.921985626220703e-05
3 0.0002484321594238281
4 3.0040740966796875e-05
9 9.894371032714844e-06
- 6.4373016357421875e-06
8 0.00010287761688232422
8 1.8715858459472656e-05
8 1.4543533325195312e-05
4 0.0001016855239868164
▁ 0.01064300537109375
8 0.0010442733764648438
8 9.930133819580078e-05
8 6.556510925292969e-06
- 3.6597251892089844e-05
3 0.0002608299255371094
4 3.075599670410156e-05
9 9.894371032714844e-06
- 6.67572021484375e-06
8 0.00010979175567626953
8 1.919269561767578e-05
8 1.52587890625e-05
4 8.761882781982422e-05
▁ 0.01045989990234375
8 0.0010671615600585938
8 9.799003601074219e-05
8 6.318092346191406e-06
- 3.409385681152344e-05
3 0.0002505779266357422
4 2.944469451904297e-05
9 9.179115295410156e-06
- 6.079673767089844e-06
8 0.00010144710540771484
8 1.4781951904296875e-05
8 1.1682510375976562e-05
4 7.593631744384766e-05
▁ 0.01030731201171875
8 0.0010585784912109375
8 9.238719940185547e-05
8 5.9604644775390625e-06
- 3.349781036376953e-05
3 0.0002359151840209961
4 2.8014183044433594e-05
9 8.702278137207031e-06
- 5.602836608886719e-06
8 9.548664093017578e-05
8 1.5735626220703125e-05
8 1.3470649719238281e-05
4 7.915496826171875e-05
▁ 0.0098419189453125
8 0.0010385513305664062
8 8.463859558105469e-05
8 5.602836608886719e-06
- 3.170967102050781e-05
3 0.00022459030151367188
4 2.5391578674316406e-05
9 8.344650268554688e-06
- 5.364418029785156e-06
8 9.274482727050781e-05
8 1.609325408935547e-05
8 1.4066696166992188e-05
4 8.320808410644531e-05
▁ 0.00970458984375
8 0.0010690689086914062
8 8.45193862915039e-05
8 5.841255187988281e-06
- 3.0875205993652344e-05
3 0.00022661685943603516
4 2.6702880859375e-05
9 8.58306884765625e-06
- 5.364418029785156e-06
8 8.881092071533203e-05
8 1.2874603271484375e-05
8 1.1444091796875e-05
4 7.605552673339844e-05
▁ 0.00937652587890625
8 0.0009965896606445312
8 8.189678192138672e-05
8 5.4836273193359375e-06
- 2.9921531677246094e-05
3 0.00022280216217041016
4 2.574920654296875e-05
9 8.58306884765625e-06
- 5.245208740234375e-06
8 8.690357208251953e-05
8 1.2516975402832031e-05
8 1.1205673217773438e-05
4 8.785724639892578e-05
▁ 0.00917816162109375
8 0.0009503364562988281
8 8.022785186767578e-05
8 5.602836608886719e-06
- 3.0517578125e-05
3 0.0002359151840209961
4 2.8252601623535156e-05
9 9.059906005859375e-06
- 5.245208740234375e-06
8 8.690357208251953e-05
8 1.3113021850585938e-05
8 1.1205673217773438e-05
4 9.02414321899414e-05
<0x0A> 5.1015625
One 7.20703125
▁day 5.23046875
, 1.39453125
▁as 4.39453125
▁he 2.080078125
▁p 6.24609375
onder 0.06683349609375
ed 0.007541656494140625
▁his 1.8271484375
▁purpose 5.375
▁amongst 9.9765625
▁the 0.369873046875
▁ru 5.33984375
ins 0.0672607421875
, 1.423828125
▁he 0.6953125
▁heard 1.505859375
▁a 0.499267578125
▁faint 2.947265625
▁sound 2.57421875
▁– 5.34375
▁a 1.0166015625
▁knock 5.19140625
▁on 2.9375
▁the 0.56494140625
▁door 0.52880859375
. 0.348876953125
▁His 4.29296875
▁heart 1.12109375
▁ski 2.48828125
pped 0.0418701171875
▁a 0.1824951171875
▁beat 0.02191162109375
; 3.65625
▁fear 5.65234375
▁m 6.65234375
ing 0.08099365234375
led 0.06866455078125
▁with 0.0272674560546875
▁excitement 1.8544921875
▁as 1.6328125
▁he 0.07928466796875
▁c 3.515625
aut 0.0167236328125
iously 0.0008516311645507812
▁approached 1.5234375
▁the 0.2259521484375
▁source 3.8671875
▁of 0.2314453125
▁the 0.03973388671875
▁noise 1.1181640625
. 0.1519775390625
▁Ad 9.2421875
ren 0.94921875
al 0.10333251953125
ine 0.0015764236450195312
▁sur 2.37109375
ged 0.101318359375
▁through 0.363525390625
▁his 0.1851806640625
▁ve 0.275390625
ins 0.00036025047302246094
▁as 0.450927734375
▁he 0.0916748046875
▁reached 2.916015625
▁out 2.3515625
▁to 0.89404296875
▁open 0.77783203125
▁the 0.08819580078125
▁door 0.10308837890625
, 1.2607421875
▁not 4.8203125
▁knowing 0.361083984375
▁what 0.128173828125
▁await 2.5234375
ed 0.0004191398620605469
▁him 0.10107421875
. 1.3642578125
<0x0A> 0.6826171875
To 5.71875
▁his 0.1197509765625
▁ut 6.765625
most 2.3484230041503906e-05
▁surprise 0.425048828125
, 0.06268310546875
▁he 1.453125
▁found 0.84423828125
▁a 1.0224609375
▁little 3.865234375
▁girl 0.79150390625
▁standing 0.6201171875
▁at 2.36328125
▁his 1.3291015625
▁door 0.158447265625
step 0.2919921875
, 1.2119140625
▁her 1.685546875
▁eyes 1.708984375
▁filled 1.876953125
▁with 0.0007290840148925781
▁innoc 3.17578125
ence 0.25927734375
▁and 0.1280517578125
▁curiosity 1.40625
. 0.11474609375
▁She 1.291015625
▁wore 3.203125
▁t 3.7578125
atter 0.01357269287109375
ed 8.344650268554688e-05
▁clothes 0.372802734375
▁and 0.403076171875
▁bore 3.51171875
▁the 1.3037109375
▁signs 2.59765625
▁of 0.0006299018859863281
▁the 4.8671875
▁har 2.181640625
sh 0.00018978118896484375
▁world 2.27734375
▁she 1.005859375
▁had 0.440185546875
▁surv 3.328125
ived 0.0001289844512939453
▁in 2.79296875
. 0.4951171875
▁The 2.58203125
▁man 2.9375
▁felt 2.546875
▁a 0.96728515625
▁sur 1.9404296875
ge 0.0007801055908203125
▁of 0.0005807876586914062
▁emot 3.435546875
ions 0.0011453628540039062
▁he 5.203125
▁hadn 1.6982421875
' 1.9384765625
t 1.2159347534179688e-05
▁experienced 1.513671875
▁in 0.123291015625
▁a 0.5458984375
▁long 0.05133056640625
▁time 0.04510498046875
▁– 0.98291015625
▁hope 3.439453125
, 0.211181640625
▁joy 1.328125
, 0.09063720703125
▁and 0.260009765625
▁a 1.9921875
▁renew 2.21875
ed 0.0028362274169921875
▁sense 0.1639404296875
▁of 0.000919342041015625
▁purpose 0.0190277099609375
. 0.080078125
<0x0A> 0.33154296875
The 1.0849609375
▁man 0.7041015625
▁and 3.056640625
▁the 0.031982421875
▁girl 0.66552734375
▁shared 3.14453125
▁mem 7.140625
ories 0.00010585784912109375
▁and 1.861328125
▁created 6.8125
▁new 0.46484375
▁ones 0.033172607421875
, 1.572265625
▁while 5.27734375
▁the 0.90283203125
▁man 0.505859375
▁taught 1.8662109375
▁her 0.48681640625
▁surv 4.87109375
ival 0.006244659423828125
▁skills 0.0867919921875
. 2.08984375
<0x0A> 5.1171875
In 3.994140625
▁their 4.23046875
▁tiny 7.14453125
▁san 4.08984375
ctu 0.0085296630859375
ary 0.00014412403106689453
, 0.10577392578125
▁they 1.1220703125
▁formed 3.630859375
▁a 0.19482421875
▁s 8.9765625
embl 0.07763671875
ance 1.7642974853515625e-05
▁of 0.0008478164672851562
▁a 0.1904296875
▁family 0.2337646484375
. 0.92626953125
▁The 0.99560546875
▁man 0.337890625
▁realized 4.59375
▁that 0.421630859375
▁l 9.0703125
onel 0.02337646484375
iness 6.23464584350586e-05
▁had 3.0859375
▁cloud 4.09765625
ed 2.6702880859375e-05
▁his 0.0233001708984375
▁judgment 1.5595703125
, 0.93115234375
▁and 0.5380859375
▁he 0.9208984375
▁had 1.1875
▁mistaken 4.83203125
ly 3.001953125
▁believed 1.701171875
▁he 1.9033203125
▁was 0.49951171875
▁the 3.154296875
▁last 2.46875
▁remaining 4.04296875
▁soul 3.32421875
▁on 0.80859375
▁Earth 1.00390625
. 0.04803466796875
▁Yet 4.6640625
, 0.219970703125
▁in 2.07421875
▁the 0.8720703125
▁midst 2.482421875
▁of 0.000591278076171875
▁dev 4.2734375
ast 0.00036215782165527344
ation 0.004650115966796875
, 0.339599609375
▁he 0.95556640625
▁had 0.64306640625
▁found 0.420654296875
▁a 1.0791015625
▁reason 1.9697265625
▁to 0.054107666015625
▁keep 2.17578125
▁going 0.64990234375
. 0.56884765625
<0x0A> 0.415283203125
The 1.142578125
▁man 0.86376953125
▁and 0.6552734375
▁the 0.02471923828125
▁girl 0.10760498046875
▁were 3.580078125
▁determined 4.2890625
▁to 0.0250396728515625
▁re 2.140625
build 0.015960693359375
▁what 3.044921875
▁had 0.81640625
▁been 0.05084228515625
▁lost 0.5478515625
, 1.0390625
▁and 0.6279296875
▁each 5.99609375
▁knock 9.03125
▁on 0.2110595703125
▁the 0.271240234375
▁door 0.006404876708984375
▁was 2.291015625
▁met 5.7265625
▁with 0.007293701171875
▁hope 1.771484375
, 2.58984375
▁as 2.619140625
▁they 0.95703125
▁vent 6.046875
ured 0.000621795654296875
▁into 1.337890625
▁the 0.7744140625
▁des 5.44921875
olate 0.19189453125
▁world 0.79931640625
▁together 1.2421875
. 0.2381591796875
▁Each 7.265625
▁knock 2.80078125
▁on 0.70263671875
▁the 0.0285797119140625
▁door 0.0030536651611328125
▁was 1.111328125
▁met 4.80859375
▁with 0.011322021484375
▁hope 1.716796875
, 0.36181640625
▁as 0.32763671875
▁they 0.20068359375
▁vent 0.74560546875
ured 0.0007524490356445312
▁into 0.058624267578125
▁the 0.05322265625
▁des 0.12139892578125
olate 0.0012378692626953125
▁world 0.0089569091796875
▁together 0.066162109375
, 1.125
▁ready 3.71875
▁to 0.01280975341796875
▁face 1.17578125
▁whatever 0.52197265625
▁came 2.482421875
